xof 0303txt 0032
template XSkinMeshHeader {
 <3cf169ce-ff7c-44ab-93c0-f78f62d172e2>
 WORD nMaxSkinWeightsPerVertex;
 WORD nMaxSkinWeightsPerFace;
 WORD nBones;
}

template VertexDuplicationIndices {
 <b8d65549-d7c9-4995-89cf-53a9a8b031e3>
 DWORD nIndices;
 DWORD nOriginalVertices;
 array DWORD indices[nIndices];
}

template SkinWeights {
 <6f0d123b-bad2-4167-a0d0-80224f25fabb>
 STRING transformNodeName;
 DWORD nWeights;
 array DWORD vertexIndices[nWeights];
 array FLOAT weights[nWeights];
 Matrix4x4 matrixOffset;
}

template AnimTicksPerSecond {
 <9e415a43-7ba6-4a73-8743-b73d47e88476>
 DWORD AnimTicksPerSecond;
}


AnimTicksPerSecond {
 4800;
}

Frame Dummy01 {
 

 FrameTransformMatrix {
  1.000000,0.000000,0.000000,0.000000,0.000000,-0.000000,-1.000000,0.000000,0.000000,1.000000,-0.000000,0.000000,0.000000,0.000000,0.944882,1.000000;;
 }

 Frame Bip01 {
  

  FrameTransformMatrix {
   -0.087155,0.982405,-0.165182,0.000000,-0.000001,0.165813,0.986157,0.000000,0.996195,0.085948,-0.014450,0.000000,-0.010000,-0.012284,0.490453,1.000000;;
  }

  Frame Bip01_Pelvis {
   

   FrameTransformMatrix {
    0.000000,1.000000,-0.000001,0.000000,-0.000001,0.000001,1.000000,0.000000,1.000000,0.000000,0.000001,0.000000,0.000000,0.000000,0.000000,1.000000;;
   }

   Frame Bip01_Spine {
    

    FrameTransformMatrix {
     0.984686,0.000002,-0.174337,0.000000,-0.000001,1.000000,0.000004,0.000000,0.174337,-0.000004,0.984686,0.000000,0.051619,0.000000,-0.000083,1.000000;;
    }

    Frame Bip01_Spine1 {
     

     FrameTransformMatrix {
      0.997819,0.052687,0.039774,0.000000,-0.044862,0.983198,-0.176942,0.000000,-0.048428,0.174771,0.983417,0.000000,0.106484,-0.000015,-0.000083,1.000000;;
     }

     Frame Bip01_Neck {
      

      FrameTransformMatrix {
       0.966067,-0.020835,0.257451,0.000000,0.025191,0.999590,-0.013632,0.000000,-0.257061,0.019655,0.966195,0.000000,0.130511,-0.000001,0.004626,1.000000;;
      }

      Frame Bip01_Head {
       

       FrameTransformMatrix {
        0.989321,-0.051753,-0.136255,0.000000,0.064251,0.993958,0.088989,0.000000,0.130826,-0.096793,0.986669,0.000000,0.033674,0.000000,0.000000,1.000000;;
       }

       Frame Bip01_HeadNub {
        

        FrameTransformMatrix {
         1.000000,0.000000,0.000000,0.000000,0.000000,1.000000,0.000000,0.000000,0.000000,0.000000,1.000000,0.000000,0.169824,0.000000,0.000000,1.000000;;
        }
       }
      }

      Frame Bip01_L_Clavicle {
       

       FrameTransformMatrix {
        -0.205975,0.976135,0.068811,0.000000,0.943873,0.216738,-0.249254,0.000000,-0.258220,0.013609,-0.965990,0.000000,-0.024734,0.015166,0.002017,1.000000;;
       }

       Frame Bip01_L_UpperArm {
        

        FrameTransformMatrix {
         0.385871,-0.777669,0.496320,0.000000,0.922466,0.332598,-0.196046,0.000000,-0.012616,0.533487,0.845714,0.000000,0.087086,0.000000,0.000000,1.000000;;
        }

        Frame Bip01_L_Forearm {
         

         FrameTransformMatrix {
          0.943939,-0.000000,-0.330119,0.000000,0.000000,1.000000,0.000000,0.000000,0.330119,-0.000000,0.943939,0.000000,0.137062,0.000000,-0.000000,1.000000;;
         }

         Frame Bip01_L_Hand {
          

          FrameTransformMatrix {
           1.000000,0.000000,0.000000,0.000000,0.000000,0.000796,1.000000,0.000000,0.000000,-1.000000,0.000796,0.000000,0.137062,0.000000,0.000000,1.000000;;
          }

          Frame Bip01_L_Finger0 {
           

           FrameTransformMatrix {
            0.690342,-0.181727,0.700288,0.000000,0.558537,0.749101,-0.356210,0.000000,-0.459853,0.637043,0.618637,0.000000,0.057681,-0.023605,-0.000272,1.000000;;
           }

           Frame Bip01_L_Finger0Nub {
            

            FrameTransformMatrix {
             1.000000,0.000000,0.000000,0.000000,0.000000,1.000000,0.000000,0.000000,-0.000000,-0.000000,1.000000,0.000000,0.029435,0.000000,0.000000,1.000000;;
            }
           }
          }

          Frame Bip01_L_Finger1 {
           

           FrameTransformMatrix {
            0.728079,-0.000546,0.685493,0.000000,0.000000,1.000000,0.000796,0.000000,-0.685493,-0.000580,0.728079,0.000000,0.084102,0.000000,0.000000,1.000000;;
           }

           Frame Bip01_L_Finger1Nub {
            

            FrameTransformMatrix {
             1.000000,0.000000,0.000000,0.000000,-0.000000,1.000000,-0.000000,0.000000,-0.000000,-0.000000,1.000000,0.000000,0.047988,0.000000,0.000000,1.000000;;
            }
           }
          }
         }
        }
       }
      }

      Frame Bip01_R_Clavicle {
       

       FrameTransformMatrix {
        -0.028509,-0.999573,-0.006461,0.000000,-0.965666,0.025871,0.258498,0.000000,-0.258220,0.013609,-0.965990,0.000000,-0.024080,-0.016250,0.001399,1.000000;;
       }

       Frame Bip01_R_UpperArm {
        

        FrameTransformMatrix {
         0.221390,0.975047,0.016433,0.000000,-0.974986,0.221654,-0.016512,0.000000,-0.019742,-0.012366,0.999729,0.000000,0.087086,-0.000000,0.000000,1.000000;;
        }

        Frame Bip01_R_Forearm {
         

         FrameTransformMatrix {
          0.915660,-0.000000,-0.401954,0.000000,0.000000,1.000000,-0.000000,0.000000,0.401954,-0.000000,0.915660,0.000000,0.137062,0.000000,-0.000000,1.000000;;
         }

         Frame Bip01_R_Hand {
          

          FrameTransformMatrix {
           0.975195,0.000000,-0.221346,0.000000,-0.221346,0.000796,-0.975195,0.000000,0.000176,1.000000,0.000777,0.000000,0.137062,0.000000,-0.000000,1.000000;;
          }

          Frame Bip01_R_Finger0 {
           

           FrameTransformMatrix {
            0.417774,-0.116941,0.900994,0.000000,-0.558537,0.749101,0.356210,0.000000,-0.716591,-0.652054,0.247639,0.000000,0.057681,0.023605,-0.000272,1.000000;;
           }

           Frame Bip01_R_Finger0Nub {
            

            FrameTransformMatrix {
             -1.000000,-0.000000,0.000000,0.000000,0.000000,1.000000,-0.000000,0.000000,0.000000,0.000000,-1.000001,0.000000,0.029435,0.000000,-0.000000,1.000000;;
            }
           }
          }

          Frame Bip01_R_Finger1 {
           

           FrameTransformMatrix {
            0.352436,0.000745,0.935835,0.000000,0.000000,1.000000,-0.000796,0.000000,-0.935836,0.000281,0.352436,0.000000,0.084102,0.000000,0.000000,1.000000;;
           }

           Frame Bip01_R_Finger1Nub {
            

            FrameTransformMatrix {
             -1.000000,0.000000,-0.000000,0.000000,0.000000,1.000000,-0.000000,0.000000,0.000000,0.000000,-1.000000,0.000000,0.047988,0.000000,0.000000,1.000000;;
            }
           }
          }
         }
        }
       }
      }
     }

     Frame Bip01_BackPack {
      

      FrameTransformMatrix {
       0.180560,0.080500,-0.980264,0.000000,0.047560,0.994764,0.090451,0.000000,0.982413,-0.062954,0.175786,0.000000,0.063697,0.000003,-0.088855,1.000000;;
      }

      Frame Bip01_BackPackNub {
       

       FrameTransformMatrix {
        0.000796,0.000003,1.000000,0.000000,0.000000,-1.000000,0.000003,0.000000,1.000000,-0.000000,-0.000796,0.000000,0.053240,0.000000,-0.000000,1.000000;;
       }
      }
     }
    }

    Frame Bip01_L_Thigh {
     

     FrameTransformMatrix {
      -0.888504,0.030427,0.457858,0.000000,-0.032107,-0.999476,0.004114,0.000000,0.457744,-0.011045,0.889016,0.000000,-0.050843,0.055225,-0.008917,1.000000;;
     }

     Frame Bip01_L_Calf {
      

      FrameTransformMatrix {
       0.942235,0.000000,-0.334952,0.000000,-0.000000,1.000000,0.000000,0.000000,0.334952,0.000000,0.942235,0.000000,0.237500,0.000000,0.000000,1.000000;;
      }

      Frame Bip01_L_Foot {
       

       FrameTransformMatrix {
        0.924324,-0.026487,0.380687,0.000000,-0.068962,0.969570,0.234901,0.000000,-0.375324,-0.243378,0.894371,0.000000,0.206841,0.000000,0.000000,1.000000;;
       }

       Frame Bip01_L_Toe0 {
        

        FrameTransformMatrix {
         0.000000,0.000000,1.000000,0.000000,0.000000,1.000000,-0.000000,0.000000,-1.000000,0.000000,0.000000,0.000000,0.065373,0.000000,0.066450,1.000000;;
        }

        Frame Bip01_L_Toe0Nub {
         

         FrameTransformMatrix {
          -1.000000,-0.000000,-0.000000,0.000000,-0.000000,1.000000,-0.000000,0.000000,-0.000000,-0.000000,-1.000000,0.000000,0.006735,0.000000,0.000000,1.000000;;
         }
        }
       }
      }
     }
    }

    Frame Bip01_R_Thigh {
     

     FrameTransformMatrix {
      -0.996965,0.030321,-0.071705,0.000000,-0.029455,-0.999480,-0.013113,0.000000,-0.072065,-0.010961,0.997340,0.000000,-0.050843,-0.055225,-0.008917,1.000000;;
     }

     Frame Bip01_R_Calf {
      

      FrameTransformMatrix {
       0.730239,0.000000,-0.683192,0.000000,-0.000000,1.000000,0.000000,0.000000,0.683192,0.000000,0.730239,0.000000,0.237500,0.000000,0.000000,1.000000;;
      }

      Frame Bip01_R_Foot {
       

       FrameTransformMatrix {
        0.991957,0.087165,-0.091782,0.000000,-0.093276,0.993546,-0.064539,0.000000,0.085564,0.072581,0.993686,0.000000,0.206841,0.000000,0.000000,1.000000;;
       }

       Frame Bip01_R_Toe0 {
        

        FrameTransformMatrix {
         0.000000,0.000000,1.000000,0.000000,0.000001,1.000000,-0.000000,0.000000,-1.000000,0.000001,0.000000,0.000000,0.065373,0.000000,0.066450,1.000000;;
        }

        Frame Bip01_R_Toe0Nub {
         

         FrameTransformMatrix {
          1.000000,0.000000,0.000000,0.000000,-0.000000,1.000000,-0.000000,0.000000,0.000000,0.000000,1.000000,0.000000,0.006735,-0.000000,0.000000,1.000000;;
         }
        }
       }
      }
     }
    }
   }

   Frame Bip01_DressFront {
    

    FrameTransformMatrix {
     -0.880184,-0.088339,0.466338,0.000000,0.121847,0.907542,0.401896,0.000000,-0.458725,0.410564,-0.788041,0.000000,-0.043935,0.001339,0.061057,1.000000;;
    }

    Frame Bip01_DressFront02 {
     

     FrameTransformMatrix {
      0.912593,0.000001,0.408870,0.000000,-0.000001,1.000000,-0.000000,0.000000,-0.408870,-0.000000,0.912592,0.000000,0.183378,-0.000000,-0.000120,1.000000;;
     }

     Frame Bip01_DressFrontNub {
      

      FrameTransformMatrix {
       0.000796,0.000003,1.000000,0.000000,-0.000000,-1.000000,0.000003,0.000000,1.000000,-0.000000,-0.000796,0.000000,0.165302,-0.000000,0.000000,1.000000;;
      }
     }
    }
   }

   Frame Bip01_DressBack {
    

    FrameTransformMatrix {
     -0.886022,0.038029,0.462080,0.000000,0.191625,0.937561,0.290274,0.000000,-0.422190,0.345735,-0.837988,0.000000,-0.047673,-0.000048,-0.078302,1.000000;;
    }

    Frame Bip01_DressBack02 {
     

     FrameTransformMatrix {
      0.936852,0.174932,-0.302833,0.000000,-0.166408,0.984581,0.053939,0.000000,0.307600,-0.000139,0.951516,0.000000,0.176125,0.000000,-0.000103,1.000000;;
     }

     Frame Bip01_DressBackNub {
      

      FrameTransformMatrix {
       0.000796,0.000003,1.000000,0.000000,0.000000,-1.000000,0.000003,0.000000,1.000000,0.000000,-0.000796,0.000000,0.136508,0.000000,-0.000000,1.000000;;
      }
     }
    }
   }
  }

  Frame Bip01_Prop1 {
   

   FrameTransformMatrix {
    -0.233929,-0.108090,0.966227,0.000000,0.687222,0.684611,0.242967,0.000000,-0.687752,0.720850,-0.085868,0.000000,0.076452,-0.048658,-0.145664,1.000000;;
   }
  }

  Frame Bip01_Prop2 {
   

   FrameTransformMatrix {
    -0.163644,-0.967062,0.194966,0.000000,0.985576,-0.168906,-0.010564,0.000000,0.043147,0.190425,0.980753,0.000000,-0.138405,-0.102098,0.114818,1.000000;;
   }
  }
 }
}

Frame Translation_Data {
 

 FrameTransformMatrix {
  -0.000000,0.000000,-1.000000,0.000000,-1.000000,-0.000000,0.000000,0.000000,-0.000000,1.000000,0.000000,0.000000,0.000000,-0.000000,0.000000,1.000000;;
 }
}

Frame Body {
 

 FrameTransformMatrix {
  1.000000,0.000000,0.000000,0.000000,0.000000,1.000000,0.000000,0.000000,0.000000,0.000000,1.000000,0.000000,0.000000,0.000000,0.000000,1.000000;;
 }

 Mesh Body {
  1451;
  0.069375;0.749143;0.924478;,
  0.029034;0.775234;0.934466;,
  0.033936;0.745652;0.918483;,
  0.077400;0.728731;0.921547;,
  0.083857;0.714618;0.920625;,
  0.041244;0.714251;0.901774;,
  0.050314;0.681234;0.895160;,
  0.085267;0.681435;0.928082;,
  0.027729;0.795290;0.972008;,
  0.068777;0.772663;0.969266;,
  0.072645;0.768780;1.000052;,
  0.041511;0.774290;1.003721;,
  0.076406;0.544329;0.979858;,
  0.037362;0.544305;1.008107;,
  0.037745;0.553631;1.000640;,
  0.069357;0.552894;0.975601;,
  0.059218;0.546852;0.920709;,
  0.073752;0.522530;0.942611;,
  0.028802;0.538961;0.893341;,
  0.027315;0.484399;0.913402;,
  0.056761;0.496448;0.919596;,
  0.000933;0.718570;0.895313;,
  -0.003061;0.682959;0.884797;,
  -0.004524;0.540663;1.012201;,
  -0.005022;0.552133;1.004502;,
  0.043151;0.640846;1.015184;,
  -0.008611;0.643721;1.019078;,
  -0.010344;0.682516;1.025549;,
  0.046665;0.681615;1.024184;,
  0.041263;0.467073;0.900707;,
  0.041493;0.384982;0.850212;,
  0.081499;0.369889;0.870879;,
  0.078723;0.453404;0.930019;,
  0.036446;0.299326;0.804374;,
  0.068906;0.281442;0.841916;,
  -0.005833;0.463473;0.920587;,
  0.002341;0.419113;1.002653;,
  0.008791;0.338553;0.943436;,
  -0.003882;0.373341;0.877100;,
  0.018863;0.269346;0.883405;,
  0.012158;0.282202;0.843873;,
  0.078130;0.420556;0.981489;,
  0.087318;0.341208;0.928662;,
  0.059474;0.271502;0.880152;,
  0.057199;0.010604;0.789587;,
  0.013435;0.015972;0.780592;,
  0.010638;-0.009005;0.822446;,
  0.045056;-0.011843;0.827181;,
  0.038324;0.234457;0.814098;,
  0.035641;0.161356;0.802267;,
  0.067317;0.153634;0.827119;,
  0.072200;0.227249;0.838907;,
  0.037074;0.084523;0.791523;,
  0.056885;0.074349;0.817942;,
  -0.001142;0.212253;0.837632;,
  0.005572;0.216570;0.892796;,
  0.009843;0.154258;0.871873;,
  0.008454;0.154202;0.829069;,
  0.024692;0.078268;0.843272;,
  0.020285;0.070754;0.808488;,
  0.077414;0.223196;0.887905;,
  0.071572;0.152366;0.865407;,
  0.048733;0.082131;0.844364;,
  0.080282;0.494835;0.951949;,
  -0.014587;0.475448;0.906525;,
  -0.013367;0.443741;0.926002;,
  -0.005833;0.463473;0.920587;,
  0.086745;0.498599;1.006057;,
  0.038998;0.501992;1.034176;,
  0.079622;0.439214;0.997387;,
  0.036590;0.444936;1.025985;,
  0.039365;0.594793;1.003082;,
  0.074634;0.638623;0.997494;,
  0.086329;0.643760;0.980707;,
  0.080168;0.649348;0.927378;,
  0.060776;0.599231;0.926344;,
  0.070243;0.595120;0.976422;,
  0.045985;0.649874;0.891566;,
  0.036664;0.596741;0.897859;,
  -0.010417;0.653698;0.885030;,
  -0.012384;0.593491;0.894852;,
  0.121527;0.693665;0.941714;,
  0.067937;0.698534;0.941519;,
  0.134954;0.654246;0.970537;,
  0.075637;0.646036;0.972532;,
  0.088927;0.603214;1.004837;,
  0.137022;0.609956;1.003195;,
  0.065640;0.720586;0.998267;,
  0.072667;0.680328;1.028929;,
  0.075637;0.646036;0.972532;,
  0.085702;0.633099;1.050467;,
  0.088927;0.603214;1.004837;,
  0.073494;0.726346;1.004059;,
  0.118012;0.727153;0.998413;,
  0.132054;0.688847;1.026847;,
  0.133650;0.639802;1.048902;,
  0.127547;0.710344;0.965833;,
  0.144320;0.586805;1.005697;,
  0.088021;0.576047;1.009589;,
  0.105751;0.521671;1.029859;,
  0.141122;0.530817;1.026299;,
  0.114126;0.485410;1.046998;,
  0.140164;0.485189;1.047050;,
  0.088021;0.576047;1.009589;,
  0.086408;0.601651;1.067015;,
  0.112723;0.545847;1.081248;,
  0.105751;0.521671;1.029859;,
  0.120681;0.499503;1.083424;,
  0.114126;0.485410;1.046998;,
  0.142404;0.612446;1.063275;,
  0.139794;0.553003;1.078089;,
  0.139724;0.498431;1.082431;,
  0.115262;0.363619;1.075388;,
  0.106617;0.382551;1.068269;,
  0.110356;0.410839;1.107057;,
  0.118875;0.391969;1.113575;,
  0.108954;0.404214;1.050163;,
  0.112520;0.399288;1.059588;,
  0.122380;0.396040;1.055940;,
  0.116056;0.398684;1.042741;,
  0.109375;0.464734;1.093135;,
  0.123747;0.432295;1.104841;,
  0.131142;0.425153;1.053076;,
  0.109058;0.450883;1.045384;,
  0.146871;0.469790;1.093201;,
  0.142757;0.426572;1.106829;,
  0.147437;0.456282;1.043009;,
  0.150112;0.420458;1.056893;,
  0.098280;0.763482;0.975001;,
  0.105982;0.764192;0.946131;,
  0.068777;0.772663;0.969266;,
  0.068841;0.768513;0.945895;,
  0.084372;0.683602;1.008922;,
  0.039347;0.787902;0.946937;,
  0.100605;0.746601;0.924688;,
  0.069375;0.749143;0.924478;,
  0.077400;0.728731;0.921547;,
  0.097007;0.717091;0.926675;,
  0.087398;0.729382;1.006947;,
  0.047562;0.720667;1.021737;,
  0.090389;0.733506;1.003486;,
  -0.010507;0.718936;1.019943;,
  -0.004825;0.772754;0.993902;,
  0.072645;0.768780;1.000052;,
  0.090389;0.733506;1.003486;,
  0.080449;0.707685;0.949507;,
  0.090830;0.722872;0.993932;,
  0.067937;0.698534;0.941519;,
  0.087989;0.680652;0.977051;,
  0.082712;0.678094;0.942295;,
  0.083857;0.714618;0.920625;,
  0.092643;0.683053;0.993182;,
  0.109058;0.450883;1.045384;,
  0.026844;0.822554;0.964445;,
  0.037103;0.817409;0.944260;,
  -0.001346;0.799146;0.973773;,
  0.000475;0.826373;0.970940;,
  0.150112;0.420458;1.056893;,
  0.115262;0.363619;1.075388;,
  0.118875;0.391969;1.113575;,
  0.108157;0.423560;1.045330;,
  0.128769;0.411850;1.034890;,
  0.108157;0.423560;1.045330;,
  0.117758;0.417296;1.058947;,
  0.141489;0.414750;1.052939;,
  0.141489;0.414750;1.052939;,
  0.108954;0.404214;1.050163;,
  0.116056;0.398684;1.042741;,
  0.122380;0.396040;1.055940;,
  0.076103;0.067389;0.736389;,
  0.051189;0.086341;0.698530;,
  0.053693;0.073897;0.683097;,
  0.082786;0.051967;0.720006;,
  0.008708;0.025392;0.829955;,
  0.010638;-0.009005;0.822446;,
  0.013435;0.015972;0.780592;,
  0.012502;0.038822;0.790991;,
  0.024692;0.078268;0.843272;,
  0.048733;0.082131;0.844364;,
  0.049760;0.024739;0.836974;,
  0.057199;0.010604;0.789587;,
  0.045056;-0.011843;0.827181;,
  0.058743;0.041799;0.805497;,
  0.037074;0.084523;0.791523;,
  0.056885;0.074349;0.817942;,
  0.017503;0.071603;0.686981;,
  0.022343;0.080799;0.701923;,
  0.082786;0.051967;0.720006;,
  0.017503;0.071603;0.686981;,
  -0.003882;0.373341;0.877100;,
  0.012158;0.282202;0.843873;,
  -0.001142;0.212253;0.837632;,
  0.008454;0.154202;0.829069;,
  0.020285;0.070754;0.808488;,
  0.020285;0.070754;0.808488;,
  -0.008968;0.439740;0.977659;,
  0.048685;0.820727;0.922435;,
  0.040094;0.815640;0.903438;,
  0.031164;0.809183;0.905585;,
  0.030079;0.811696;0.927063;,
  0.040986;0.841554;0.944457;,
  0.033070;0.852953;0.964204;,
  0.022255;0.957612;0.900302;,
  0.002574;0.962193;0.900007;,
  0.002574;0.947752;0.873881;,
  0.036491;0.887528;0.858659;,
  0.032823;0.916412;0.864582;,
  0.019532;0.885934;0.852132;,
  0.054011;0.848586;0.923994;,
  0.045973;0.835572;0.898477;,
  0.047117;0.832695;0.930383;,
  0.055135;0.884831;0.938446;,
  0.055611;0.893003;0.915315;,
  0.054895;0.929146;0.906489;,
  0.046228;0.924618;0.880325;,
  0.051378;0.886463;0.889204;,
  0.041691;0.899766;0.973841;,
  0.052528;0.889939;0.954241;,
  0.002575;0.901625;0.984895;,
  0.002575;0.947930;0.967999;,
  0.035431;0.945163;0.957961;,
  0.051852;0.863948;0.892098;,
  0.037416;0.856942;0.869297;,
  0.036616;0.824847;0.885483;,
  0.022077;0.799387;0.875821;,
  0.002575;0.795151;0.866753;,
  0.002575;0.794855;0.887892;,
  0.028332;0.936428;0.871759;,
  0.041936;0.947390;0.901545;,
  0.050576;0.940950;0.939363;,
  0.037042;0.957533;0.929180;,
  0.002575;0.965972;0.937218;,
  0.019809;0.963547;0.935082;,
  0.002575;0.862355;0.976401;,
  0.050576;0.940950;0.939363;,
  0.037042;0.957533;0.929180;,
  0.058679;0.879145;0.925624;,
  0.058481;0.851225;0.923142;,
  0.065173;0.879848;0.938875;,
  0.062039;0.898114;0.929164;,
  0.065173;0.879848;0.938875;,
  0.058481;0.851225;0.923142;,
  0.062039;0.898114;0.929164;,
  0.055611;0.893003;0.915315;,
  0.056117;0.868288;0.910594;,
  0.054011;0.848586;0.923994;,
  0.037128;0.879123;0.867477;,
  0.056117;0.868288;0.910594;,
  0.039347;0.787902;0.946937;,
  0.037103;0.817409;0.944260;,
  0.068841;0.768513;0.945895;,
  0.040986;0.841554;0.944457;,
  0.002252;0.766325;0.912915;,
  0.001400;0.743214;0.906602;,
  -0.014798;0.536934;0.893742;,
  -0.002888;0.499964;1.037998;,
  -0.003153;0.465768;1.040677;,
  -0.004275;0.443539;1.034911;,
  0.003854;0.796020;0.904681;,
  -0.008968;0.439740;0.977659;,
  0.019809;0.963547;0.935082;,
  0.002575;0.965972;0.937218;,
  0.022694;0.830441;0.868136;,
  0.015156;0.852585;0.859496;,
  0.015348;0.842944;0.859974;,
  0.002574;0.937387;0.862368;,
  0.002574;0.914642;0.850963;,
  0.017449;0.877724;0.862019;,
  -0.007850;0.595412;1.006973;,
  0.068841;0.768513;0.945895;,
  0.053693;0.073897;0.683097;,
  0.022099;0.823895;0.868859;,
  0.014431;0.821352;0.862071;,
  0.014247;0.826408;0.865316;,
  0.002574;0.849436;0.845090;,
  0.002574;0.841602;0.855057;,
  0.013994;0.829980;0.860231;,
  0.002574;0.826670;0.864779;,
  0.002574;0.819510;0.859458;,
  0.002574;0.884339;0.845605;,
  0.002574;0.875250;0.850166;,
  0.090830;0.722872;0.993932;,
  0.002574;0.829793;0.856501;,
  0.074621;0.711634;0.965438;,
  0.080449;0.707685;0.949507;,
  0.083857;0.714618;0.920625;,
  0.052528;0.889939;0.954241;,
  0.038324;0.234457;0.814098;,
  -0.005092;0.230038;0.824752;,
  0.007975;0.154087;0.819234;,
  0.035641;0.161356;0.802267;,
  0.036446;0.299326;0.804374;,
  -0.006212;0.289121;0.819929;,
  0.041493;0.384982;0.850212;,
  -0.009781;0.373148;0.862957;,
  0.041263;0.467073;0.900707;,
  -0.006720;0.455531;0.896061;,
  0.027315;0.484399;0.913402;,
  0.010438;0.082589;0.811878;,
  0.037074;0.084523;0.791523;,
  0.018522;0.146324;0.894325;,
  0.020553;0.078974;0.877274;,
  0.014715;0.121923;0.933431;,
  0.010236;0.181467;0.954957;,
  0.004623;0.239371;0.970853;,
  0.011094;0.212062;0.905578;,
  0.003847;0.289136;0.994048;,
  0.014146;0.258061;0.911887;,
  0.008899;0.332280;0.957018;,
  -0.002960;0.362826;1.011263;,
  -0.002634;0.438701;1.042988;,
  0.074621;0.711634;0.965438;,
  -0.067083;0.762513;0.911725;,
  -0.078475;0.742893;0.907020;,
  -0.032218;0.749692;0.912399;,
  -0.026763;0.778584;0.929306;,
  -0.085259;0.726575;0.904874;,
  -0.095019;0.690595;0.918583;,
  -0.057099;0.686692;0.889501;,
  -0.040103;0.719219;0.894293;,
  -0.029990;0.798725;0.966656;,
  -0.051645;0.779980;0.995153;,
  -0.081796;0.778665;0.986557;,
  -0.070414;0.785734;0.958383;,
  -0.089657;0.546737;0.994186;,
  -0.083198;0.555107;0.988763;,
  -0.047757;0.554871;1.008017;,
  -0.046370;0.545520;1.015331;,
  -0.082786;0.548912;0.932961;,
  -0.094049;0.524964;0.957088;,
  -0.057746;0.540216;0.900809;,
  -0.082238;0.496849;0.930704;,
  -0.054418;0.485584;0.920453;,
  -0.005022;0.552133;1.004502;,
  -0.004524;0.540663;1.012201;,
  -0.060452;0.644758;1.014899;,
  -0.066681;0.687374;1.018212;,
  -0.010344;0.682516;1.025549;,
  -0.008611;0.643721;1.019078;,
  -0.068777;0.447021;0.923551;,
  -0.099639;0.448023;0.963601;,
  -0.103950;0.347001;0.961657;,
  -0.069062;0.348610;0.929474;,
  -0.088929;0.256371;0.980182;,
  -0.063888;0.244535;0.937299;,
  -0.017837;0.451686;0.939707;,
  -0.019224;0.352132;0.949998;,
  -0.018419;0.357190;1.025794;,
  -0.010993;0.437925;1.027705;,
  -0.032808;0.256785;0.971576;,
  -0.032646;0.272842;1.008384;,
  -0.098243;0.352725;1.025921;,
  -0.088664;0.436420;1.023265;,
  -0.073316;0.273294;1.011554;,
  -0.059908;0.081415;1.186395;,
  -0.049738;0.116271;1.213713;,
  -0.015107;0.113151;1.211251;,
  -0.015720;0.074722;1.181147;,
  -0.057288;0.205645;0.997195;,
  -0.086821;0.223190;1.022395;,
  -0.075607;0.171055;1.074723;,
  -0.048305;0.153861;1.049433;,
  -0.058603;0.117921;1.130090;,
  -0.041198;0.097878;1.108043;,
  -0.013037;0.210484;1.022153;,
  -0.017366;0.170529;1.065972;,
  -0.013377;0.205607;1.090216;,
  -0.013207;0.258334;1.050738;,
  -0.022384;0.109067;1.130135;,
  -0.025044;0.141711;1.135459;,
  -0.074870;0.201799;1.097959;,
  -0.085389;0.261128;1.054066;,
  -0.049316;0.145010;1.134130;,
  -0.099679;0.497445;0.967475;,
  -0.017837;0.451686;0.939707;,
  -0.044734;0.503207;1.041401;,
  -0.096669;0.501259;1.021881;,
  -0.042919;0.457757;1.043343;,
  -0.089677;0.450770;1.026234;,
  -0.055188;0.597351;1.006697;,
  -0.092004;0.644916;0.997036;,
  -0.103168;0.650916;0.980186;,
  -0.088017;0.599402;0.982472;,
  -0.082312;0.603103;0.931814;,
  -0.096444;0.656017;0.926892;,
  -0.060745;0.599377;0.901583;,
  -0.062280;0.653962;0.891268;,
  -0.129149;0.733382;0.904656;,
  -0.147749;0.686446;0.908655;,
  -0.075488;0.731976;0.908419;,
  -0.155542;0.633075;0.913993;,
  -0.108340;0.621566;0.913200;,
  -0.089570;0.672156;0.907700;,
  -0.075880;0.721575;0.968449;,
  -0.089570;0.672156;0.907700;,
  -0.088325;0.672309;0.973760;,
  -0.108340;0.621566;0.913200;,
  -0.106806;0.621477;0.967659;,
  -0.083691;0.724362;0.976171;,
  -0.146544;0.686913;0.974797;,
  -0.127447;0.732636;0.970574;,
  -0.153876;0.632882;0.968500;,
  -0.135708;0.735935;0.933753;,
  -0.164216;0.614627;0.902523;,
  -0.166335;0.556979;0.886979;,
  -0.132054;0.543901;0.885870;,
  -0.109260;0.597917;0.901515;,
  -0.170035;0.508021;0.877639;,
  -0.144007;0.506334;0.879365;,
  -0.109260;0.597917;0.901515;,
  -0.132054;0.543901;0.885870;,
  -0.142042;0.534779;0.941467;,
  -0.111149;0.585690;0.963248;,
  -0.144007;0.506334;0.879365;,
  -0.153378;0.495059;0.915747;,
  -0.168231;0.545165;0.942052;,
  -0.165810;0.602327;0.964401;,
  -0.171997;0.498006;0.913900;,
  -0.135469;0.415177;0.819351;,
  -0.150866;0.406107;0.863574;,
  -0.150717;0.425476;0.873371;,
  -0.135222;0.435042;0.828794;,
  -0.135448;0.452156;0.836847;,
  -0.138094;0.451255;0.825521;,
  -0.146870;0.441006;0.831778;,
  -0.139939;0.442440;0.840203;,
  -0.144640;0.459893;0.897109;,
  -0.139014;0.485748;0.855015;,
  -0.162208;0.464955;0.839569;,
  -0.160734;0.430915;0.879871;,
  -0.179928;0.427429;0.875681;,
  -0.181815;0.466805;0.898408;,
  -0.176780;0.494772;0.854882;,
  -0.181558;0.460808;0.837363;,
  -0.099434;0.787498;0.956367;,
  -0.101219;0.789508;0.926609;,
  -0.065938;0.782521;0.933277;,
  -0.070414;0.785734;0.958383;,
  -0.102183;0.693081;0.999093;,
  -0.037627;0.792457;0.939785;,
  -0.096933;0.771390;0.906427;,
  -0.101201;0.747645;0.905917;,
  -0.078475;0.742893;0.907020;,
  -0.067083;0.762513;0.911725;,
  -0.102074;0.739789;0.989264;,
  -0.103829;0.744129;0.985336;,
  -0.067296;0.727682;1.011173;,
  -0.010507;0.718936;1.019943;,
  -0.004825;0.772754;0.993902;,
  -0.081796;0.778665;0.986557;,
  -0.103829;0.744129;0.985336;,
  -0.089011;0.720601;0.933630;,
  -0.075488;0.731976;0.908419;,
  -0.104443;0.735744;0.975278;,
  -0.094324;0.687089;0.932967;,
  -0.102821;0.690347;0.966997;,
  -0.085259;0.726575;0.904874;,
  -0.108809;0.693289;0.982568;,
  -0.139014;0.485748;0.855015;,
  -0.033069;0.818764;0.940232;,
  -0.025069;0.823556;0.961465;,
  0.000475;0.826373;0.970940;,
  -0.001346;0.799146;0.973773;,
  -0.181558;0.460808;0.837363;,
  -0.135469;0.415177;0.819351;,
  -0.150866;0.406107;0.863574;,
  -0.151328;0.465368;0.820801;,
  -0.139132;0.470777;0.843004;,
  -0.139132;0.470777;0.843004;,
  -0.149920;0.457047;0.846461;,
  -0.168985;0.456314;0.830912;,
  -0.168985;0.456314;0.830912;,
  -0.138094;0.451255;0.825521;,
  -0.135448;0.452156;0.836847;,
  -0.146870;0.441006;0.831778;,
  -0.075447;0.035197;1.122878;,
  -0.081846;0.016768;1.135930;,
  -0.050860;-0.016019;1.110347;,
  -0.048668;0.000944;1.100014;,
  -0.012682;0.125016;1.178136;,
  -0.014666;0.087956;1.159819;,
  -0.015720;0.074722;1.181147;,
  -0.015107;0.113151;1.211251;,
  -0.025044;0.141711;1.135459;,
  -0.053978;0.130443;1.178535;,
  -0.049316;0.145010;1.134130;,
  -0.059908;0.081415;1.186395;,
  -0.061350;0.101080;1.157415;,
  -0.049738;0.116271;1.213713;,
  -0.041198;0.097878;1.108043;,
  -0.058603;0.117921;1.130090;,
  -0.020108;0.004624;1.106730;,
  -0.014908;-0.011180;1.114106;,
  -0.014908;-0.011180;1.114106;,
  -0.081846;0.016768;1.135930;,
  -0.019224;0.352132;0.949998;,
  -0.032808;0.256785;0.971576;,
  -0.013037;0.210484;1.022153;,
  -0.017366;0.170529;1.065972;,
  -0.022384;0.109067;1.130135;,
  -0.022384;0.109067;1.130135;,
  -0.043535;0.820727;0.922435;,
  -0.024278;0.812745;0.923942;,
  -0.026014;0.809183;0.905585;,
  -0.034944;0.815640;0.903438;,
  -0.035836;0.841554;0.944457;,
  -0.027920;0.852953;0.964204;,
  -0.017107;0.957612;0.900302;,
  0.002574;0.962193;0.900007;,
  -0.031343;0.887528;0.858659;,
  -0.014384;0.885934;0.852132;,
  -0.027675;0.916412;0.864582;,
  -0.040823;0.835572;0.898477;,
  -0.048861;0.848586;0.923994;,
  -0.041967;0.832694;0.930383;,
  -0.049985;0.884831;0.938446;,
  -0.050461;0.893003;0.915315;,
  -0.046228;0.886463;0.889204;,
  -0.041080;0.924618;0.880325;,
  -0.049745;0.929146;0.906489;,
  -0.047378;0.889939;0.954241;,
  -0.036541;0.899766;0.973842;,
  0.002575;0.901625;0.984895;,
  -0.030281;0.945163;0.957961;,
  0.002575;0.947930;0.967999;,
  -0.046702;0.863948;0.892098;,
  -0.031466;0.824847;0.885483;,
  -0.032268;0.856942;0.869297;,
  -0.016927;0.799387;0.875821;,
  -0.023184;0.936428;0.871759;,
  -0.036786;0.947389;0.901545;,
  -0.031892;0.957533;0.929180;,
  -0.045426;0.940950;0.939363;,
  -0.014659;0.963547;0.935082;,
  0.002575;0.965972;0.937218;,
  0.002575;0.862355;0.976401;,
  -0.045426;0.940950;0.939363;,
  -0.031892;0.957533;0.929180;,
  -0.059853;0.879848;0.938875;,
  -0.053234;0.851225;0.923142;,
  -0.053529;0.879145;0.925624;,
  -0.056706;0.898114;0.929164;,
  -0.053234;0.851225;0.923142;,
  -0.059853;0.879848;0.938875;,
  -0.056706;0.898114;0.929164;,
  -0.050461;0.893003;0.915315;,
  -0.050967;0.868288;0.910594;,
  -0.048861;0.848586;0.923994;,
  -0.031980;0.879123;0.867477;,
  -0.050967;0.868288;0.910594;,
  -0.033069;0.818764;0.940232;,
  -0.037627;0.792457;0.939785;,
  -0.065938;0.782521;0.933277;,
  -0.035836;0.841554;0.944457;,
  -0.002888;0.499964;1.037998;,
  -0.003153;0.465768;1.040677;,
  -0.004275;0.443539;1.034911;,
  -0.008968;0.439740;0.977659;,
  -0.014659;0.963547;0.935082;,
  0.002575;0.965972;0.937218;,
  -0.017544;0.830441;0.868136;,
  -0.010200;0.842944;0.859974;,
  -0.010008;0.852585;0.859496;,
  -0.012301;0.877724;0.862019;,
  -0.007850;0.595412;1.006973;,
  -0.065938;0.782521;0.933277;,
  -0.050860;-0.016019;1.110347;,
  -0.009283;0.821352;0.862071;,
  -0.016949;0.823895;0.868859;,
  -0.009097;0.826408;0.865316;,
  -0.008846;0.829980;0.860231;,
  -0.104443;0.735744;0.975278;,
  -0.085325;0.723478;0.950486;,
  -0.089011;0.720601;0.933630;,
  -0.085259;0.726575;0.904874;,
  -0.047378;0.889939;0.954241;,
  -0.030515;0.202570;0.926688;,
  -0.029583;0.137139;0.961033;,
  -0.017541;0.144497;0.876640;,
  -0.021998;0.218433;0.869176;,
  -0.039831;0.256653;0.903510;,
  -0.026420;0.272266;0.861606;,
  -0.026480;0.350423;0.908752;,
  -0.019066;0.354788;0.885222;,
  -0.021025;0.437858;0.910855;,
  -0.013500;0.437035;0.904115;,
  -0.014587;0.475448;0.906525;,
  -0.054418;0.485584;0.920453;,
  -0.024419;0.073917;0.987888;,
  -0.015068;0.081036;0.879613;,
  -0.002128;0.156919;1.135894;,
  -0.049302;0.145012;1.134130;,
  -0.074870;0.201799;1.097959;,
  -0.012151;0.211384;1.093373;,
  -0.085389;0.261128;1.054066;,
  -0.019934;0.265088;1.065223;,
  -0.022855;0.285687;1.037263;,
  -0.073316;0.273294;1.011554;,
  -0.098243;0.352725;1.025921;,
  -0.015428;0.358303;1.043003;,
  -0.003153;0.465768;1.040677;,
  -0.042919;0.457757;1.043343;,
  -0.085325;0.723478;0.950486;,
  -0.068777;0.447021;0.923551;,
  -0.069062;0.348610;0.929474;,
  -0.063888;0.244535;0.937299;,
  -0.057288;0.205645;0.997195;,
  -0.048305;0.153861;1.049433;,
  -0.041198;0.097878;1.108043;,
  0.078130;0.420556;0.981489;,
  0.087318;0.341208;0.928662;,
  0.036590;0.444936;1.025985;,
  0.059474;0.271502;0.880152;,
  0.077414;0.223196;0.887905;,
  0.071572;0.152366;0.865407;,
  0.048733;0.082131;0.844364;,
  -0.088664;0.436420;1.023265;,
  0.069375;0.749143;0.924478;,
  0.069375;0.749143;0.924478;,
  0.029034;0.775234;0.934466;,
  0.029034;0.775234;0.934466;,
  0.029034;0.775234;0.934466;,
  0.029034;0.775234;0.934466;,
  0.029034;0.775234;0.934466;,
  0.029034;0.775234;0.934466;,
  0.077400;0.728731;0.921547;,
  0.077400;0.728731;0.921547;,
  0.083857;0.714618;0.920625;,
  0.083857;0.714618;0.920625;,
  0.083857;0.714618;0.920625;,
  0.050314;0.681234;0.895160;,
  0.050314;0.681234;0.895160;,
  0.050314;0.681234;0.895160;,
  0.050314;0.681234;0.895160;,
  0.050314;0.681234;0.895160;,
  0.085267;0.681435;0.928082;,
  0.085267;0.681435;0.928082;,
  0.085267;0.681435;0.928082;,
  0.085267;0.681435;0.928082;,
  0.085267;0.681435;0.928082;,
  0.027729;0.795290;0.972008;,
  0.027729;0.795290;0.972008;,
  0.027729;0.795290;0.972008;,
  0.027729;0.795290;0.972008;,
  0.027729;0.795290;0.972008;,
  0.027729;0.795290;0.972008;,
  0.068777;0.772663;0.969266;,
  0.068777;0.772663;0.969266;,
  0.072645;0.768780;1.000052;,
  0.072645;0.768780;1.000052;,
  0.072645;0.768780;1.000052;,
  0.037745;0.553631;1.000640;,
  0.037745;0.553631;1.000640;,
  0.037745;0.553631;1.000640;,
  0.037745;0.553631;1.000640;,
  0.037745;0.553631;1.000640;,
  0.069357;0.552894;0.975601;,
  0.069357;0.552894;0.975601;,
  0.069357;0.552894;0.975601;,
  0.069357;0.552894;0.975601;,
  0.069357;0.552894;0.975601;,
  0.059218;0.546852;0.920709;,
  0.059218;0.546852;0.920709;,
  0.059218;0.546852;0.920709;,
  0.059218;0.546852;0.920709;,
  0.059218;0.546852;0.920709;,
  0.059218;0.546852;0.920709;,
  0.028802;0.538961;0.893341;,
  0.028802;0.538961;0.893341;,
  0.028802;0.538961;0.893341;,
  0.028802;0.538961;0.893341;,
  0.028802;0.538961;0.893341;,
  0.056761;0.496448;0.919596;,
  0.056761;0.496448;0.919596;,
  0.056761;0.496448;0.919596;,
  0.056761;0.496448;0.919596;,
  0.056761;0.496448;0.919596;,
  0.056761;0.496448;0.919596;,
  -0.003061;0.682959;0.884797;,
  -0.003061;0.682959;0.884797;,
  -0.003061;0.682959;0.884797;,
  -0.003061;0.682959;0.884797;,
  -0.003061;0.682959;0.884797;,
  -0.005022;0.552133;1.004502;,
  -0.005022;0.552133;1.004502;,
  0.043151;0.640846;1.015184;,
  0.043151;0.640846;1.015184;,
  0.043151;0.640846;1.015184;,
  0.043151;0.640846;1.015184;,
  -0.008611;0.643721;1.019078;,
  -0.008611;0.643721;1.019078;,
  -0.010344;0.682516;1.025549;,
  -0.010344;0.682516;1.025549;,
  0.046665;0.681615;1.024184;,
  0.046665;0.681615;1.024184;,
  0.046665;0.681615;1.024184;,
  0.046665;0.681615;1.024184;,
  0.046665;0.681615;1.024184;,
  0.041263;0.467073;0.900707;,
  0.041263;0.467073;0.900707;,
  0.041263;0.467073;0.900707;,
  0.041263;0.467073;0.900707;,
  0.041263;0.467073;0.900707;,
  0.041263;0.467073;0.900707;,
  0.078723;0.453404;0.930019;,
  0.078723;0.453404;0.930019;,
  0.078723;0.453404;0.930019;,
  0.078723;0.453404;0.930019;,
  0.078723;0.453404;0.930019;,
  0.078723;0.453404;0.930019;,
  0.036446;0.299326;0.804374;,
  0.036446;0.299326;0.804374;,
  0.036446;0.299326;0.804374;,
  0.036446;0.299326;0.804374;,
  0.036446;0.299326;0.804374;,
  0.068906;0.281442;0.841916;,
  0.068906;0.281442;0.841916;,
  0.068906;0.281442;0.841916;,
  0.068906;0.281442;0.841916;,
  0.068906;0.281442;0.841916;,
  0.002341;0.419113;1.002653;,
  0.002341;0.419113;1.002653;,
  0.002341;0.419113;1.002653;,
  0.002341;0.419113;1.002653;,
  0.002341;0.419113;1.002653;,
  0.002341;0.419113;1.002653;,
  0.002341;0.419113;1.002653;,
  0.018863;0.269346;0.883405;,
  0.018863;0.269346;0.883405;,
  0.018863;0.269346;0.883405;,
  0.018863;0.269346;0.883405;,
  0.018863;0.269346;0.883405;,
  0.012158;0.282202;0.843873;,
  0.078130;0.420556;0.981489;,
  0.078130;0.420556;0.981489;,
  0.078130;0.420556;0.981489;,
  0.078130;0.420556;0.981489;,
  0.078130;0.420556;0.981489;,
  0.059474;0.271502;0.880152;,
  0.059474;0.271502;0.880152;,
  0.059474;0.271502;0.880152;,
  0.059474;0.271502;0.880152;,
  0.059474;0.271502;0.880152;,
  0.059474;0.271502;0.880152;,
  0.037074;0.084523;0.791523;,
  0.037074;0.084523;0.791523;,
  0.056885;0.074349;0.817942;,
  0.056885;0.074349;0.817942;,
  0.056885;0.074349;0.817942;,
  0.024692;0.078268;0.843272;,
  0.024692;0.078268;0.843272;,
  0.048733;0.082131;0.844364;,
  0.048733;0.082131;0.844364;,
  0.079622;0.439214;0.997387;,
  0.079622;0.439214;0.997387;,
  0.079622;0.439214;0.997387;,
  0.079622;0.439214;0.997387;,
  0.036590;0.444936;1.025985;,
  0.036590;0.444936;1.025985;,
  0.036590;0.444936;1.025985;,
  0.036590;0.444936;1.025985;,
  0.039365;0.594793;1.003082;,
  0.039365;0.594793;1.003082;,
  0.039365;0.594793;1.003082;,
  0.039365;0.594793;1.003082;,
  0.039365;0.594793;1.003082;,
  0.039365;0.594793;1.003082;,
  0.074634;0.638623;0.997494;,
  0.074634;0.638623;0.997494;,
  0.074634;0.638623;0.997494;,
  0.074634;0.638623;0.997494;,
  0.074634;0.638623;0.997494;,
  0.086329;0.643760;0.980707;,
  0.086329;0.643760;0.980707;,
  0.086329;0.643760;0.980707;,
  0.086329;0.643760;0.980707;,
  0.086329;0.643760;0.980707;,
  0.086329;0.643760;0.980707;,
  0.080168;0.649348;0.927378;,
  0.080168;0.649348;0.927378;,
  0.080168;0.649348;0.927378;,
  0.080168;0.649348;0.927378;,
  0.080168;0.649348;0.927378;,
  0.060776;0.599231;0.926344;,
  0.060776;0.599231;0.926344;,
  0.060776;0.599231;0.926344;,
  0.060776;0.599231;0.926344;,
  0.060776;0.599231;0.926344;,
  0.060776;0.599231;0.926344;,
  0.070243;0.595120;0.976422;,
  0.070243;0.595120;0.976422;,
  0.070243;0.595120;0.976422;,
  0.070243;0.595120;0.976422;,
  0.045985;0.649874;0.891566;,
  0.045985;0.649874;0.891566;,
  0.045985;0.649874;0.891566;,
  0.045985;0.649874;0.891566;,
  0.045985;0.649874;0.891566;,
  0.036664;0.596741;0.897859;,
  0.036664;0.596741;0.897859;,
  0.036664;0.596741;0.897859;,
  0.036664;0.596741;0.897859;,
  0.036664;0.596741;0.897859;,
  -0.010417;0.653698;0.885030;,
  -0.010417;0.653698;0.885030;,
  -0.010417;0.653698;0.885030;,
  -0.010417;0.653698;0.885030;,
  -0.010417;0.653698;0.885030;,
  -0.010417;0.653698;0.885030;,
  -0.010417;0.653698;0.885030;,
  -0.012384;0.593491;0.894852;,
  -0.012384;0.593491;0.894852;,
  -0.012384;0.593491;0.894852;,
  -0.012384;0.593491;0.894852;,
  -0.012384;0.593491;0.894852;,
  0.088927;0.603214;1.004837;,
  0.088927;0.603214;1.004837;,
  0.137022;0.609956;1.003195;,
  0.137022;0.609956;1.003195;,
  0.137022;0.609956;1.003195;,
  0.137022;0.609956;1.003195;,
  0.137022;0.609956;1.003195;,
  0.085702;0.633099;1.050467;,
  0.085702;0.633099;1.050467;,
  0.085702;0.633099;1.050467;,
  0.085702;0.633099;1.050467;,
  0.085702;0.633099;1.050467;,
  0.088927;0.603214;1.004837;,
  0.133650;0.639802;1.048902;,
  0.133650;0.639802;1.048902;,
  0.133650;0.639802;1.048902;,
  0.133650;0.639802;1.048902;,
  0.133650;0.639802;1.048902;,
  0.133650;0.639802;1.048902;,
  0.114126;0.485410;1.046998;,
  0.114126;0.485410;1.046998;,
  0.140164;0.485189;1.047050;,
  0.140164;0.485189;1.047050;,
  0.140164;0.485189;1.047050;,
  0.140164;0.485189;1.047050;,
  0.140164;0.485189;1.047050;,
  0.140164;0.485189;1.047050;,
  0.086408;0.601651;1.067015;,
  0.086408;0.601651;1.067015;,
  0.086408;0.601651;1.067015;,
  0.086408;0.601651;1.067015;,
  0.086408;0.601651;1.067015;,
  0.120681;0.499503;1.083424;,
  0.120681;0.499503;1.083424;,
  0.120681;0.499503;1.083424;,
  0.120681;0.499503;1.083424;,
  0.114126;0.485410;1.046998;,
  0.114126;0.485410;1.046998;,
  0.142404;0.612446;1.063275;,
  0.142404;0.612446;1.063275;,
  0.142404;0.612446;1.063275;,
  0.142404;0.612446;1.063275;,
  0.139724;0.498431;1.082431;,
  0.139724;0.498431;1.082431;,
  0.139724;0.498431;1.082431;,
  0.139724;0.498431;1.082431;,
  0.139724;0.498431;1.082431;,
  0.098280;0.763482;0.975001;,
  0.098280;0.763482;0.975001;,
  0.098280;0.763482;0.975001;,
  0.098280;0.763482;0.975001;,
  0.105982;0.764192;0.946131;,
  0.105982;0.764192;0.946131;,
  0.105982;0.764192;0.946131;,
  0.105982;0.764192;0.946131;,
  0.105982;0.764192;0.946131;,
  0.068777;0.772663;0.969266;,
  0.068777;0.772663;0.969266;,
  0.068841;0.768513;0.945895;,
  0.084372;0.683602;1.008922;,
  0.084372;0.683602;1.008922;,
  0.084372;0.683602;1.008922;,
  0.084372;0.683602;1.008922;,
  0.084372;0.683602;1.008922;,
  0.084372;0.683602;1.008922;,
  0.039347;0.787902;0.946937;,
  0.039347;0.787902;0.946937;,
  0.100605;0.746601;0.924688;,
  0.100605;0.746601;0.924688;,
  0.100605;0.746601;0.924688;,
  0.100605;0.746601;0.924688;,
  0.100605;0.746601;0.924688;,
  0.069375;0.749143;0.924478;,
  0.069375;0.749143;0.924478;,
  0.077400;0.728731;0.921547;,
  0.077400;0.728731;0.921547;,
  0.097007;0.717091;0.926675;,
  0.097007;0.717091;0.926675;,
  0.097007;0.717091;0.926675;,
  0.097007;0.717091;0.926675;,
  0.087398;0.729382;1.006947;,
