xof 0303txt 0032
template XSkinMeshHeader {
 <3cf169ce-ff7c-44ab-93c0-f78f62d172e2>
 WORD nMaxSkinWeightsPerVertex;
 WORD nMaxSkinWeightsPerFace;
 WORD nBones;
}

template VertexDuplicationIndices {
 <b8d65549-d7c9-4995-89cf-53a9a8b031e3>
 DWORD nIndices;
 DWORD nOriginalVertices;
 array DWORD indices[nIndices];
}

template SkinWeights {
 <6f0d123b-bad2-4167-a0d0-80224f25fabb>
 STRING transformNodeName;
 DWORD nWeights;
 array DWORD vertexIndices[nWeights];
 array FLOAT weights[nWeights];
 Matrix4x4 matrixOffset;
}

template AnimTicksPerSecond {
 <9e415a43-7ba6-4a73-8743-b73d47e88476>
 DWORD AnimTicksPerSecond;
}

template VertexElement {
 <f752461c-1e23-48f6-b9f8-8350850f336f>
 DWORD Type;
 DWORD Method;
 DWORD Usage;
 DWORD UsageIndex;
}

template DeclData {
 <bf22e553-292c-4781-9fea-62bd554bdd93>
 DWORD nElements;
 array VertexElement Elements[nElements];
 DWORD nDWords;
 array DWORD data[nDWords];
}


AnimTicksPerSecond {
 4800;
}

Frame Dummy01 {
 

 FrameTransformMatrix {
  1.000000,0.000000,0.000000,0.000000,0.000000,-0.000000,-1.000000,0.000000,0.000000,1.000000,-0.000000,0.000000,0.000000,0.000000,0.000000,1.000000;;
 }

 Frame Bip01 {
  

  FrameTransformMatrix {
   -0.088997,0.994657,-0.052321,0.000000,0.006892,0.053144,0.998563,0.000000,0.996008,0.088508,-0.011585,0.000000,0.009854,-0.156505,0.228409,1.000000;;
  }

  Frame Bip01_Pelvis {
   

   FrameTransformMatrix {
    -0.077771,0.993558,-0.082426,0.000000,-0.000001,0.082676,0.996576,0.000000,0.996971,0.077505,-0.006428,0.000000,0.000000,0.000000,0.000000,1.000000;;
   }

   Frame Bip01_Spine {
    

    FrameTransformMatrix {
     0.753117,0.023647,0.657461,0.000000,0.014210,0.998536,-0.052192,0.000000,-0.657733,0.048649,0.751679,0.000000,0.051357,0.004265,0.003938,1.000000;;
    }

    Frame Bip01_Spine1 {
     

     FrameTransformMatrix {
      0.983943,0.066908,0.165467,0.000000,-0.113365,0.950336,0.289844,0.000000,-0.137857,-0.303948,0.942662,0.000000,0.106492,0.000026,-0.000080,1.000000;;
     }

     Frame Bip01_Neck {
      

      FrameTransformMatrix {
       0.907563,-0.075277,0.413114,0.000000,-0.019634,0.975118,0.220818,0.000000,-0.419457,-0.208517,0.883503,0.000000,0.130516,0.000006,0.004628,1.000000;;
      }

      Frame Bip01_Head {
       

       FrameTransformMatrix {
        0.970039,0.120920,-0.210720,0.000000,-0.197102,0.898782,-0.391590,0.000000,0.142040,0.421390,0.895687,0.000000,0.033674,0.000000,0.000000,1.000000;;
       }

       Frame Bip01_HeadNub {
        

        FrameTransformMatrix {
         1.000000,0.000000,0.000000,0.000000,0.000000,1.000000,0.000000,0.000000,0.000000,0.000000,1.000000,0.000000,0.169824,0.000000,0.000000,1.000000;;
        }
       }
      }

      Frame Bip01_L_Clavicle {
       

       FrameTransformMatrix {
        -0.126521,0.968045,-0.216519,0.000000,0.902629,0.021825,-0.429865,0.000000,-0.411403,-0.249823,-0.876548,0.000000,-0.024909,0.014768,0.002717,1.000000;;
       }

       Frame Bip01_L_UpperArm {
        

        FrameTransformMatrix {
         0.619166,-0.685957,-0.382227,0.000000,0.573044,0.727496,-0.377319,0.000000,0.536893,0.014590,0.843524,0.000000,0.087086,0.000000,0.000000,1.000000;;
        }

        Frame Bip01_L_Forearm {
         

         FrameTransformMatrix {
          -0.509289,0.000000,-0.860595,0.000000,0.000000,1.000000,0.000000,0.000000,0.860595,-0.000000,-0.509289,0.000000,0.137062,-0.000000,0.000000,1.000000;;
         }

         Frame Bip01_L_Hand {
          

          FrameTransformMatrix {
           0.874176,-0.278549,0.397777,0.000000,0.013959,0.833206,0.552787,0.000000,-0.485408,-0.477680,0.732257,0.000000,0.137062,0.000000,-0.000000,1.000000;;
          }

          Frame Bip01_L_Finger0 {
           

           FrameTransformMatrix {
            0.404096,-0.014674,0.914599,0.000000,0.631622,0.727705,-0.267394,0.000000,-0.661635,0.685734,0.303332,0.000000,0.057681,-0.023605,-0.000272,1.000000;;
           }

           Frame Bip01_L_Finger0Nub {
            

            FrameTransformMatrix {
             1.000000,0.000000,0.000000,0.000000,0.000000,1.000000,-0.000000,0.000000,0.000000,0.000000,1.000000,0.000000,0.029435,0.000000,0.000000,1.000000;;
            }
           }
          }

          Frame Bip01_L_Finger1 {
           

           FrameTransformMatrix {
            0.445570,-0.000713,0.895247,0.000000,-0.000000,1.000000,0.000796,0.000000,-0.895247,-0.000355,0.445570,0.000000,0.084102,0.000000,0.000000,1.000000;;
           }

           Frame Bip01_L_Finger1Nub {
            

            FrameTransformMatrix {
             1.000000,0.000000,-0.000000,0.000000,0.000000,1.000000,-0.000000,0.000000,0.000000,-0.000000,1.000000,0.000000,0.047988,-0.000000,0.000000,1.000000;;
            }
           }
          }
         }
        }
       }
      }

      Frame Bip01_R_Clavicle {
       

       FrameTransformMatrix {
        0.018602,-0.993409,0.113099,0.000000,-0.907492,0.030704,0.418945,0.000000,-0.419657,-0.110430,-0.900940,0.000000,-0.022543,-0.015879,0.009271,1.000000;;
       }

       Frame Bip01_R_UpperArm {
        

        FrameTransformMatrix {
         0.827868,0.560915,-0.002916,0.000000,-0.508938,0.753319,0.416526,0.000000,0.235832,-0.343344,0.909119,0.000000,0.087086,0.000000,-0.000000,1.000000;;
        }

        Frame Bip01_R_Forearm {
         

         FrameTransformMatrix {
          -0.277989,0.000000,-0.960584,0.000000,0.000000,1.000000,0.000000,0.000000,0.960584,-0.000000,-0.277989,0.000000,0.137062,0.000000,-0.000000,1.000000;;
         }

         Frame Bip01_R_Hand {
          

          FrameTransformMatrix {
           0.495851,0.094593,0.863240,0.000000,0.860424,0.080966,-0.503106,0.000000,-0.117483,0.992218,-0.041243,0.000000,0.137062,0.000000,0.000000,1.000000;;
          }

          Frame Bip01_R_Finger0 {
           

           FrameTransformMatrix {
            0.289357,0.443331,0.848369,0.000000,-0.935321,0.319447,0.152081,0.000000,-0.203587,-0.837503,0.507092,0.000000,0.057681,0.023605,-0.000272,1.000000;;
           }

           Frame Bip01_R_Finger0Nub {
            

            FrameTransformMatrix {
             -1.000000,-0.000000,-0.000000,0.000000,0.000000,1.000000,-0.000000,0.000000,-0.000000,0.000000,-1.000000,0.000000,0.029435,-0.000000,0.000000,1.000000;;
            }
           }
          }

          Frame Bip01_R_Finger1 {
           

           FrameTransformMatrix {
            -0.257739,0.000769,0.966214,0.000000,0.000000,1.000000,-0.000796,0.000000,-0.966214,-0.000205,-0.257739,0.000000,0.084102,0.000000,-0.000000,1.000000;;
           }

           Frame Bip01_R_Finger1Nub {
            

            FrameTransformMatrix {
             -1.000000,0.000000,0.000000,0.000000,-0.000000,1.000000,0.000000,0.000000,0.000000,-0.000000,-1.000000,0.000000,0.047988,-0.000000,-0.000000,1.000000;;
            }
           }
          }
         }
        }
       }
      }
     }

     Frame Bip01_BackPack {
      

      FrameTransformMatrix {
       0.059303,-0.000002,-0.998240,0.000000,0.000003,1.000000,-0.000002,0.000000,0.998240,-0.000003,0.059303,0.000000,0.048746,-0.000000,-0.091745,1.000000;;
      }

      Frame Bip01_BackPackNub {
       

       FrameTransformMatrix {
        0.000796,0.000003,1.000000,0.000000,0.000000,-1.000000,0.000003,0.000000,1.000000,0.000000,-0.000796,0.000000,0.053240,0.000000,0.000000,1.000000;;
       }
      }
     }
    }

    Frame Bip01_L_Thigh {
     

     FrameTransformMatrix {
      0.613919,0.013022,0.789262,0.000000,0.033437,-0.999396,-0.009519,0.000000,0.788660,0.032235,-0.613983,0.000000,-0.040062,0.050362,0.033298,1.000000;;
     }

     Frame Bip01_L_Calf {
      

      FrameTransformMatrix {
       -0.606708,0.000000,-0.794925,0.000000,0.000000,1.000000,0.000000,0.000000,0.794925,0.000000,-0.606708,0.000000,0.237500,0.000000,-0.000000,1.000000;;
      }

      Frame Bip01_L_Foot {
       

       FrameTransformMatrix {
        0.777473,0.051954,0.626767,0.000000,-0.056937,0.998304,-0.012125,0.000000,-0.626334,-0.026260,0.779113,0.000000,0.206841,0.000000,0.000000,1.000000;;
       }

       Frame Bip01_L_Toe0 {
        

        FrameTransformMatrix {
         -0.000001,-0.000001,1.000000,0.000000,0.000001,1.000000,0.000001,0.000000,-1.000000,0.000001,-0.000001,0.000000,0.065373,0.000000,0.066450,1.000000;;
        }

        Frame Bip01_L_Toe0Nub {
         

         FrameTransformMatrix {
          -1.000000,-0.000000,-0.000000,0.000000,-0.000000,1.000000,-0.000000,0.000000,0.000000,-0.000000,-1.000000,0.000000,0.006735,0.000000,0.000000,1.000000;;
         }
        }
       }
      }
     }
    }

    Frame Bip01_R_Thigh {
     

     FrameTransformMatrix {
      -0.578292,-0.245874,0.777897,0.000000,0.212944,-0.965942,-0.147007,0.000000,0.787549,0.080635,0.610955,0.000000,-0.042673,-0.059927,0.027924,1.000000;;
     }

     Frame Bip01_R_Calf {
      

      FrameTransformMatrix {
       -0.576590,0.000000,-0.817033,0.000000,0.000000,1.000000,-0.000000,0.000000,0.817033,-0.000000,-0.576590,0.000000,0.237500,0.000000,0.000000,1.000000;;
      }

      Frame Bip01_R_Foot {
       

       FrameTransformMatrix {
        0.996732,-0.020490,0.078139,0.000000,0.016641,0.998631,0.049596,0.000000,-0.079048,-0.048134,0.995708,0.000000,0.206841,0.000000,-0.000000,1.000000;;
       }

       Frame Bip01_R_Toe0 {
        

        FrameTransformMatrix {
         -0.991866,-0.064911,0.109490,0.000000,-0.052983,0.992679,0.108536,0.000000,-0.115734,0.101852,-0.988044,0.000000,0.065373,0.000000,0.066450,1.000000;;
        }

        Frame Bip01_R_Toe0Nub {
         

         FrameTransformMatrix {
          1.000000,0.000000,0.000000,0.000000,-0.000000,1.000000,0.000000,0.000000,0.000000,0.000000,1.000000,0.000000,0.006735,0.000000,0.000000,1.000000;;
         }
        }
       }
      }
     }
    }
   }

   Frame Bip01_DressFront {
    

    FrameTransformMatrix {
     -0.286921,-0.102895,0.952412,0.000000,0.038348,0.992184,0.118744,0.000000,-0.957187,0.070593,-0.280733,0.000000,-0.001786,-0.009884,0.085757,1.000000;;
    }

    Frame Bip01_DressFront02 {
     

     FrameTransformMatrix {
      -0.018572,-0.123023,0.992230,0.000000,-0.033025,0.991935,0.122369,0.000000,-0.999282,-0.030496,-0.022485,0.000000,0.183456,0.000004,0.000003,1.000000;;
     }

     Frame Bip01_DressFrontNub {
      

      FrameTransformMatrix {
       0.000796,0.000003,1.000000,0.000000,0.000000,-1.000000,0.000003,0.000000,1.000000,-0.000000,-0.000796,0.000000,0.165302,0.000000,-0.000000,1.000000;;
      }
     }
    }
   }

   Frame Bip01_DressBack {
    

    FrameTransformMatrix {
     -0.582008,-0.042540,0.812070,0.000000,0.345119,0.891311,0.294037,0.000000,-0.736315,0.451393,-0.504069,0.000000,-0.047629,-0.000063,-0.078349,1.000000;;
    }

    Frame Bip01_DressBack02 {
     

     FrameTransformMatrix {
      -0.144211,-0.329172,0.933193,0.000000,-0.273279,0.919624,0.282155,0.000000,-0.951063,-0.214332,-0.222576,0.000000,0.176262,0.000023,0.000024,1.000000;;
     }

     Frame Bip01_DressBackNub {
      

      FrameTransformMatrix {
       0.000796,0.000003,1.000000,0.000000,0.000000,-1.000000,0.000003,0.000000,1.000000,0.000000,-0.000796,0.000000,0.136508,0.000000,-0.000000,1.000000;;
      }
     }
    }
   }
  }

  Frame Bip01_Prop1 {
   

   FrameTransformMatrix {
    -0.693078,-0.179486,0.698160,0.000000,0.575155,-0.721530,0.385475,0.000000,0.434557,0.668715,0.603309,0.000000,0.094468,0.059065,-0.221474,1.000000;;
   }
  }

  Frame Bip01_Prop2 {
   

   FrameTransformMatrix {
    0.164146,-0.970912,-0.174317,0.000000,0.773078,0.016856,0.634087,0.000000,-0.612704,-0.238844,0.753357,0.000000,0.197819,0.075823,0.053471,1.000000;;
   }
  }
 }
}

Frame Translation_Data {
 

 FrameTransformMatrix {
  1.000000,0.000000,0.000000,0.000000,0.000000,-0.000000,-1.000000,0.000000,0.000000,1.000000,-0.000000,0.000000,0.000000,-0.000000,0.000000,1.000000;;
 }
}

Frame Body {
 

 FrameTransformMatrix {
  1.000000,0.000000,0.000000,0.000000,0.000000,1.000000,0.000000,0.000000,0.000000,0.000000,1.000000,0.000000,0.000000,0.000000,0.000000,1.000000;;
 }

 Mesh Body {
  617;
  0.058067;0.403112;-0.028003;,
  0.021549;0.432299;-0.025050;,
  0.022525;0.399918;-0.015510;,
  0.067442;0.384520;-0.017725;,
  0.071481;0.370534;-0.006608;,
  0.025434;0.365019;-0.005903;,
  0.039734;0.340784;0.013233;,
  0.081695;0.358751;0.027219;,
  0.032811;0.472117;-0.015664;,
  0.069622;0.452167;-0.013426;,
  0.086734;0.464457;0.008955;,
  0.058112;0.476581;0.016102;,
  0.092917;0.282576;0.188817;,
  0.054500;0.274332;0.216722;,
  0.053413;0.294182;0.207154;,
  0.085094;0.296870;0.183266;,
  0.075773;0.291780;0.130760;,
  0.091005;0.268383;0.148019;,
  0.046241;0.282445;0.104446;,
  0.046647;0.233637;0.112122;,
  0.075640;0.246545;0.123191;,
  -0.014720;0.372187;-0.001251;,
  -0.014198;0.341959;0.017295;,
  0.013031;0.267095;0.220248;,
  0.010914;0.289007;0.210786;,
  0.060255;0.399296;0.130540;,
  0.009733;0.405459;0.138795;,
  0.015277;0.438435;0.113888;,
  0.069581;0.429380;0.100539;,
  0.062330;0.257304;0.109681;,
  0.061995;0.270322;0.010077;,
  0.101273;0.243807;0.006976;,
  0.099007;0.230038;0.114114;,
  0.057794;0.241198;-0.100590;,
  0.087911;0.227818;-0.085344;,
  0.014221;0.248745;0.113060;,
  0.032405;0.165841;0.219665;,
  0.026419;0.167257;0.015327;,
  0.015831;0.242453;0.013176;,
  0.035527;0.213999;-0.068119;,
  0.031221;0.226117;-0.084842;,
  0.097952;0.179049;0.123601;,
  0.105302;0.179245;0.010271;,
  0.076202;0.216784;-0.068932;,
  0.088920;-0.001510;0.054146;,
  0.044025;-0.001487;0.051079;,
  0.049355;-0.001594;0.099606;,
  0.084211;-0.001617;0.099339;,
  0.061926;0.175057;-0.071906;,
  0.063166;0.116440;-0.026590;,
  0.092419;0.132371;-0.002691;,
  0.093351;0.191525;-0.048319;,
  0.066714;0.058702;0.022279;,
  0.086623;0.069485;0.047954;,
  0.021124;0.173095;-0.041316;,
  0.022036;0.216735;-0.006654;,
  0.030713;0.159557;0.024875;,
  0.033682;0.128317;-0.004269;,
  0.053636;0.087116;0.064648;,
  0.050120;0.059860;0.046013;,
  0.093709;0.224843;-0.011793;,
  0.092807;0.159718;0.024470;,
  0.077671;0.091905;0.062550;,
  0.099527;0.239908;0.151678;,
  0.005305;0.223360;0.103847;,
  0.008987;0.188606;0.116684;,
  0.014221;0.248745;0.113060;,
  0.106748;0.233411;0.205430;,
  0.059422;0.227938;0.233929;,
  0.100617;0.183565;0.160659;,
  0.057999;0.175655;0.190692;,
  0.055255;0.357463;0.163588;,
  0.089066;0.384949;0.114918;,
  0.097820;0.377093;0.097817;,
  0.084340;0.345610;0.056929;,
  0.073487;0.318040;0.100612;,
  0.084906;0.344029;0.140706;,
  0.046196;0.322991;0.035948;,
  0.048979;0.298608;0.081942;,
  -0.004224;0.323768;0.035127;,
  0.000707;0.291904;0.085065;,
  0.099286;0.374737;-0.036804;,
  0.068383;0.379762;0.006961;,
  0.129287;0.334228;-0.031923;,
  0.096448;0.326117;0.017532;,
  0.138928;0.300486;0.031658;,
  0.164646;0.304028;-0.009243;,
  0.114097;0.399678;0.041968;,
  0.141883;0.358281;0.053121;,
  0.096448;0.326117;0.017532;,
  0.163505;0.291547;0.051108;,
  0.138928;0.300486;0.031658;,
  0.123540;0.405195;0.039001;,
  0.144627;0.406087;-0.000610;,
  0.174702;0.366703;0.003566;,
  0.189096;0.294761;0.010285;,
  0.122985;0.390484;-0.027500;,
  0.154458;0.326218;-0.018555;,
  0.122079;0.325257;0.028891;,
  0.075954;0.317615;-0.009789;,
  0.098671;0.318767;-0.038598;,
  0.044578;0.303639;-0.030621;,
  0.052248;0.308980;-0.056106;,
  0.122079;0.325257;0.028891;,
  0.134101;0.264405;0.036521;,
  0.089555;0.262054;-0.011170;,
  0.075954;0.317615;-0.009789;,
  0.056106;0.272272;-0.043076;,
  0.044578;0.303639;-0.030621;,
  0.166214;0.265594;-0.010691;,
  0.107175;0.263324;-0.033125;,
  0.057524;0.272518;-0.055178;,
  -0.048007;0.228072;-0.033750;,
  -0.030487;0.240000;-0.027861;,
  0.000515;0.231162;-0.063630;,
  -0.017057;0.219629;-0.069047;,
  -0.013883;0.255884;-0.020536;,
  -0.017114;0.249231;-0.028968;,
  -0.026648;0.254229;-0.031249;,
  -0.024404;0.260098;-0.017767;,
  0.039503;0.252100;-0.055331;,
  0.007737;0.242269;-0.072363;,
  -0.012524;0.278465;-0.039736;,
  0.016106;0.278123;-0.020011;,
  0.033416;0.278796;-0.081441;,
  -0.002635;0.251530;-0.086673;,
  0.009542;0.307126;-0.044980;,
  -0.021521;0.286876;-0.055383;,
  0.098244;0.448158;-0.018380;,
  0.095485;0.427832;-0.040128;,
  0.069622;0.452167;-0.013426;,
  0.061361;0.432508;-0.028016;,
  0.101556;0.415444;0.080261;,
  0.034754;0.447058;-0.029592;,
  0.085817;0.402209;-0.040321;,
  0.058067;0.403112;-0.028003;,
  0.067442;0.384520;-0.017725;,
  0.084781;0.387199;-0.020384;,
  0.108512;0.435451;0.038714;,
  0.073694;0.450183;0.064029;,
  0.110029;0.435164;0.032500;,
  0.019051;0.460094;0.081183;,
  0.011528;0.478647;0.024562;,
  0.086734;0.464457;0.008955;,
  0.110029;0.435164;0.032500;,
  0.081137;0.386458;0.016780;,
  0.107573;0.422812;0.032361;,
  0.068383;0.379762;0.006961;,
  0.097037;0.391180;0.060057;,
  0.083223;0.366398;0.039679;,
  0.071481;0.370534;-0.006608;,
  0.105451;0.403252;0.068168;,
  0.016106;0.278123;-0.020011;,
  0.023433;0.481995;-0.044441;,
  0.026246;0.461071;-0.052813;,
  0.006243;0.482542;-0.008602;,
  0.001308;0.495728;-0.038359;,
  -0.021521;0.286876;-0.055383;,
  -0.048007;0.228072;-0.033750;,
  -0.017057;0.219629;-0.069047;,
  -0.000574;0.270752;-0.020325;,
  -0.024877;0.279581;-0.021867;,
  -0.000574;0.270752;-0.020325;,
  -0.007395;0.263979;-0.035305;,
  -0.025725;0.277878;-0.044056;,
  -0.025725;0.277878;-0.044056;,
  -0.013883;0.255884;-0.020536;,
  -0.024404;0.260098;-0.017767;,
  -0.026648;0.254229;-0.031249;,
  0.095162;0.020156;-0.022688;,
  0.063586;0.017122;-0.060198;,
  0.064907;-0.001457;-0.067435;,
  0.100721;-0.001469;-0.029925;,
  0.045608;0.031816;0.088975;,
  0.049355;-0.001594;0.099606;,
  0.044025;-0.001487;0.051079;,
  0.042654;0.023470;0.048546;,
  0.053636;0.087116;0.064648;,
  0.077671;0.091905;0.062550;,
  0.087148;0.034838;0.088445;,
  0.088920;-0.001510;0.054146;,
  0.084211;-0.001617;0.099339;,
  0.090071;0.033436;0.051675;,
  0.066714;0.058702;0.022279;,
  0.086623;0.069485;0.047954;,
  0.029967;-0.001446;-0.056981;,
  0.036094;0.014088;-0.049744;,
  0.100721;-0.001469;-0.029925;,
  0.029967;-0.001446;-0.056981;,
  0.015831;0.242453;0.013176;,
  0.031221;0.226117;-0.084842;,
  0.021124;0.173095;-0.041316;,
  0.033682;0.128317;-0.004269;,
  0.050120;0.059860;0.046013;,
  0.050120;0.059860;0.046013;,
  0.014616;0.174854;0.166514;,
  0.036061;0.452831;-0.060211;,
  0.026616;0.434817;-0.067055;,
  0.017722;0.433138;-0.060413;,
  0.014237;0.446423;-0.055322;,
  0.029518;0.483167;-0.064082;,
  0.022565;0.506149;-0.061636;,
  0.010075;0.516088;-0.183698;,
  -0.009554;0.519326;-0.187252;,
  -0.010813;0.489716;-0.190829;,
  0.021821;0.440772;-0.151480;,
  0.018698;0.462620;-0.171372;,
  0.004585;0.435239;-0.153719;,
  0.041726;0.470183;-0.081977;,
  0.032477;0.442228;-0.086218;,
  0.034953;0.466336;-0.065237;,
  0.043827;0.503054;-0.102928;,
  0.043396;0.489084;-0.123095;,
  0.042663;0.503118;-0.157552;,
  0.032844;0.479630;-0.169041;,
  0.037987;0.464282;-0.132998;,
  0.032056;0.541003;-0.094099;,
  0.041948;0.518940;-0.097784;,
  -0.006531;0.552625;-0.088476;,
  -0.006792;0.566042;-0.135906;,
  0.025576;0.554964;-0.140093;,
  0.038360;0.453430;-0.113058;,
  0.022895;0.431448;-0.120473;,
  0.022467;0.425806;-0.084967;,
  0.007276;0.403668;-0.069732;,
  -0.012637;0.394634;-0.071272;,
  -0.011737;0.411581;-0.058664;,
  0.014717;0.480329;-0.183325;,
  0.029688;0.510316;-0.175016;,
  0.039871;0.536825;-0.147814;,
  0.026080;0.538830;-0.166989;,
  -0.007927;0.551672;-0.168544;,
  0.009175;0.547827;-0.168120;,
  -0.007285;0.522764;-0.061608;,
  0.039871;0.536825;-0.147814;,
  0.026080;0.538830;-0.166989;,
  0.047967;0.470785;-0.084721;,
  0.059498;0.499850;-0.098902;,
  0.054211;0.502879;-0.119308;,
  0.046764;0.489199;-0.105880;,
  0.059498;0.499850;-0.098902;,
  0.047967;0.470785;-0.084721;,
  0.054211;0.502879;-0.119308;,
  0.043396;0.489084;-0.123095;,
  0.043454;0.470776;-0.105827;,
  0.041726;0.470183;-0.081977;,
  0.022751;0.442967;-0.139517;,
  0.043454;0.470776;-0.105827;,
  0.034754;0.447058;-0.029592;,
  0.026246;0.461071;-0.052813;,
  0.061361;0.432508;-0.028016;,
  0.029518;0.483167;-0.064082;,
  -0.010583;0.417260;-0.024233;,
  -0.011874;0.397009;-0.011776;,
  0.002973;0.276790;0.104763;,
  0.017841;0.222333;0.237507;,
  0.019888;0.188340;0.233393;,
  0.012004;0.162704;0.154222;,
  -0.016779;0.426918;-0.048002;,
  0.014616;0.174854;0.166514;,
  0.009175;0.547827;-0.168120;,
  -0.007927;0.551672;-0.168544;,
  0.007873;0.415594;-0.099416;,
  0.000195;0.421861;-0.122298;,
  0.000311;0.416598;-0.114204;,
  -0.011408;0.474326;-0.189161;,
  -0.012122;0.451779;-0.177393;,
  0.002843;0.438525;-0.141243;,
  0.008605;0.357761;0.169643;,
  0.061361;0.432508;-0.028016;,
  0.064907;-0.001457;-0.067435;,
  0.007244;0.412373;-0.093676;,
  -0.000730;0.405698;-0.095454;,
  -0.000726;0.411292;-0.097652;,
  -0.013022;0.408860;-0.127961;,
  -0.012674;0.412348;-0.115778;,
  -0.001160;0.409275;-0.103520;,
  -0.012407;0.411482;-0.097982;,
  -0.012706;0.402983;-0.095290;,
  -0.012652;0.429706;-0.155959;,
  -0.012548;0.428079;-0.145920;,
  0.107573;0.422812;0.032361;,
  -0.012730;0.406606;-0.105358;,
  0.081646;0.400791;0.027584;,
  0.081137;0.386458;0.016780;,
  0.071481;0.370534;-0.006608;,
  0.041948;0.518940;-0.097784;,
  0.061926;0.175057;-0.071906;,
  0.003893;0.148604;-0.084088;,
  0.017662;0.082176;-0.047970;,
  0.063166;0.116440;-0.026590;,
  0.057794;0.241198;-0.100590;,
  0.004941;0.224180;-0.094588;,
  0.061995;0.270322;0.010077;,
  0.001855;0.239792;0.003596;,
  0.062330;0.257304;0.109681;,
  0.006990;0.255244;0.090485;,
  0.046647;0.233637;0.112122;,
  0.021370;0.017075;-0.017869;,
  0.066714;0.058702;0.022279;,
  0.039014;0.151619;0.063494;,
  0.045929;0.095794;0.104971;,
  0.041423;-0.003362;0.227777;,
  0.027149;0.034021;0.174620;,
  0.015232;0.062520;0.121441;,
  0.026394;0.223493;0.005575;,
  0.006181;0.073939;0.090274;,
  0.029030;0.206169;-0.055582;,
  0.026072;0.152344;0.016517;,
  0.008979;0.120960;0.141300;,
  0.020201;0.167161;0.218976;,
  0.081646;0.400791;0.027584;,
  -0.075686;0.432729;-0.000347;,
  -0.087051;0.418137;0.013997;,
  -0.041559;0.412643;-0.002827;,
  -0.032317;0.443411;-0.014083;,
  -0.091516;0.402299;0.026056;,
  -0.094175;0.382447;0.055766;,
  -0.065048;0.354902;0.030241;,
  -0.053369;0.380667;0.009693;,
  -0.022813;0.483809;-0.004181;,
  -0.032131;0.494500;0.033963;,
  -0.062144;0.495010;0.038086;,
  -0.058309;0.479872;0.011791;,
  -0.072644;0.270738;0.204253;,
  -0.067074;0.285605;0.195838;,
  -0.031873;0.287869;0.214200;,
  -0.028978;0.268363;0.224505;,
  -0.065871;0.281294;0.142462;,
  -0.076287;0.256422;0.163617;,
  -0.040088;0.276054;0.111578;,
  -0.062445;0.235619;0.132145;,
  -0.034838;0.227810;0.119720;,
  0.010914;0.289007;0.210786;,
  0.013031;0.267095;0.220248;,
  -0.041704;0.404889;0.142546;,
  -0.040988;0.444278;0.118486;,
  0.015277;0.438435;0.113888;,
  0.009733;0.405459;0.138795;,
  -0.050521;0.192670;0.112781;,
  -0.085074;0.188535;0.149601;,
  -0.110050;0.097539;0.117161;,
  -0.071589;0.099992;0.089410;,
  -0.115095;0.003471;0.108535;,
  -0.089020;-0.013332;0.088854;,
  -0.003630;0.182967;0.132424;,
  -0.025094;0.087021;0.113645;,
  -0.033249;0.071508;0.187565;,
  0.008360;0.164121;0.221907;,
  -0.059434;-0.007144;0.106022;,
  -0.059953;0.006609;0.122868;,
  -0.111804;0.084641;0.180611;,
  -0.080118;0.160209;0.205138;,
  -0.100016;0.014216;0.122996;,
  -0.080520;0.105037;0.360788;,
  -0.070656;0.147206;0.347036;,
  -0.036146;0.142690;0.345128;,
  -0.036462;0.095993;0.359364;,
  -0.086056;-0.004377;0.160868;,
  -0.112423;0.028423;0.154238;,
  -0.101391;0.053556;0.223727;,
  -0.077224;0.021024;0.229917;,
  -0.084821;0.080505;0.296610;,
  -0.069319;0.050177;0.303933;,
  -0.039944;0.016141;0.168431;,
  -0.044089;0.039977;0.222744;,
  -0.035904;0.075962;0.201012;,
  -0.034675;0.061677;0.136722;,
  -0.048606;0.074119;0.302793;,
  -0.050266;0.093920;0.277769;,
  -0.096825;0.087155;0.205399;,
  -0.106062;0.072558;0.132882;,
  -0.074533;0.096169;0.274322;,
  -0.079887;0.227080;0.168406;,
  -0.003630;0.182967;0.132424;,
  -0.024057;0.221970;0.241712;,
  -0.076108;0.220337;0.222479;,
  -0.026396;0.173645;0.233536;,
  -0.074489;0.172104;0.213624;,
  -0.038442;0.356680;0.171752;,
  -0.074926;0.393945;0.134230;,
  -0.088668;0.387323;0.119778;,
  -0.071919;0.342719;0.154370;,
  -0.068305;0.316855;0.112966;,
  -0.089468;0.355144;0.077396;,
  -0.047546;0.297802;0.090352;,
  -0.060350;0.328835;0.048495;,
  -0.134859;0.432339;0.023733;,
  -0.176677;0.429510;0.052162;,
  -0.092326;0.416109;0.052424;,
  -0.206189;0.436524;0.091520;,
  -0.173665;0.417963;0.122298;,
  -0.138738;0.403878;0.090810;,
  -0.090484;0.466876;0.086059;,
  -0.138738;0.403878;0.090810;,
  -0.128573;0.462369;0.119809;,
  -0.173665;0.417963;0.122298;,
  -0.184902;0.438570;0.151916;,
  -0.094024;0.477330;0.083487;,
  -0.166346;0.488177;0.080939;,
  -0.124875;0.490290;0.053577;,
  -0.217523;0.456875;0.121334;,
  -0.134598;0.461335;0.031172;,
  -0.194233;0.435492;0.072172;,
  -0.186053;0.380061;0.051437;,
  -0.160491;0.363553;0.071966;,
  -0.153712;0.413170;0.106233;,
  -0.183004;0.331819;0.034763;,
  -0.165116;0.322814;0.051372;,
  -0.153712;0.413170;0.106233;,
  -0.160491;0.363553;0.071966;,
  -0.205934;0.350513;0.104195;,
  -0.197267;0.397380;0.148603;,
  -0.165116;0.322814;0.051372;,
  -0.194074;0.323633;0.072599;,
  -0.225278;0.363540;0.088378;,
  -0.237407;0.419642;0.114608;,
  -0.208948;0.321395;0.058901;,
  -0.189311;0.237940;0.086523;,
  -0.219348;0.271672;0.101852;,
  -0.220057;0.286008;0.085570;,
  -0.189752;0.252115;0.069707;,
  -0.178418;0.246815;0.059380;,
  -0.178382;0.241827;0.048834;,
  -0.190344;0.235792;0.055292;,
  -0.185506;0.239698;0.064370;,
  -0.194029;0.307047;0.088278;,
  -0.171977;0.279004;0.053645;,
  -0.201719;0.261503;0.049396;,
  -0.222391;0.283162;0.092857;,
  -0.239887;0.281927;0.083344;,
  -0.220886;0.318611;0.064271;,
  -0.198039;0.290276;0.027160;,
  -0.219851;0.261797;0.041173;,
  -0.084827;0.491349;0.020302;,
  -0.100016;0.473970;0.001281;,
  -0.066015;0.461084;-0.001588;,
  -0.058309;0.479872;0.011791;,
  -0.080430;0.439964;0.109801;,
  -0.039338;0.462829;-0.014152;,
  -0.103884;0.446263;0.000059;,
  -0.105110;0.428738;0.022585;,
  -0.087051;0.418137;0.013997;,
  -0.075686;0.432729;-0.000347;,
  -0.080399;0.474992;0.075638;,
  -0.083886;0.476071;0.070408;,
  -0.037572;0.472277;0.086051;,
  0.019051;0.460094;0.081183;,
  0.011528;0.478647;0.024562;,
  -0.062144;0.495010;0.038086;,
  -0.083886;0.476071;0.070408;,
  -0.084866;0.420373;0.050254;,
  -0.092326;0.416109;0.052424;,
  -0.086541;0.464056;0.070989;,
  -0.089477;0.389667;0.067711;,
  -0.089099;0.416259;0.090270;,
  -0.091516;0.402299;0.026056;,
  -0.091066;0.429730;0.100066;,
  -0.171977;0.279004;0.053645;,
  -0.039474;0.476302;-0.040267;,
  -0.025188;0.493263;-0.035160;,
  0.001308;0.495728;-0.038359;,
  0.006243;0.482542;-0.008602;,
  -0.219851;0.261797;0.041173;,
  -0.189311;0.237940;0.086523;,
  -0.219348;0.271672;0.101852;,
  -0.186851;0.254233;0.035757;,
  -0.179516;0.266629;0.057285;,
  -0.179516;0.266629;0.057285;,
  -0.193433;0.256519;0.061854;,
  -0.207911;0.251699;0.042543;,
  -0.207911;0.251699;0.042543;,
  -0.178382;0.241827;0.048834;,
  -0.178418;0.246815;0.059380;,
  -0.190344;0.235792;0.055292;,
  -0.097482;0.026833;0.363622;,
  -0.101864;0.027056;0.386680;,
  -0.070748;-0.013348;0.396111;,
  -0.070284;-0.012103;0.376172;,
  -0.036675;0.122360;0.316323;,
  -0.037647;0.086122;0.336293;,
  -0.036462;0.095993;0.359364;,
  -0.036146;0.142690;0.345128;,
  -0.050266;0.093920;0.277769;,
  -0.078102;0.126650;0.315758;,
  -0.074533;0.096169;0.274322;,
  -0.080520;0.105037;0.360788;,
  -0.085094;0.092652;0.328318;,
  -0.070656;0.147206;0.347036;,
  -0.069319;0.050177;0.303933;,
  -0.084821;0.080505;0.296610;,
  -0.041612;-0.005078;0.374488;,
  -0.034982;-0.008230;0.391141;,
  -0.034982;-0.008230;0.391141;,
  -0.101864;0.027056;0.386680;,
  -0.025094;0.087021;0.113645;,
  -0.059434;-0.007144;0.106022;,
  -0.039944;0.016141;0.168431;,
  -0.044089;0.039977;0.222744;,
  -0.048606;0.074119;0.302793;,
  -0.048606;0.074119;0.302793;,
  -0.056070;0.456561;-0.058649;,
  -0.036672;0.458221;-0.045604;,
  -0.039400;0.435451;-0.059445;,
  -0.048349;0.437852;-0.065785;,
  -0.047231;0.486274;-0.062781;,
  -0.038365;0.508617;-0.060603;,
  -0.029248;0.517680;-0.183032;,
  -0.009554;0.519326;-0.187252;,
  -0.045947;0.443516;-0.150332;,
  -0.029299;0.436611;-0.153145;,
  -0.041742;0.465067;-0.170347;,
  -0.054236;0.445739;-0.084749;,
  -0.061047;0.474345;-0.080235;,
  -0.054044;0.469939;-0.063728;,
  -0.061192;0.507306;-0.101148;,
  -0.062574;0.493375;-0.121299;,
  -0.059525;0.468230;-0.131345;,
  -0.054380;0.483162;-0.167563;,
  -0.061875;0.507351;-0.155780;,
  -0.057862;0.522981;-0.096092;,
  -0.046101;0.544167;-0.092775;,
  -0.006531;0.552625;-0.088476;,
  -0.040073;0.557622;-0.138980;,
  -0.006792;0.566042;-0.135906;,
  -0.060099;0.457416;-0.111389;,
  -0.045550;0.428560;-0.083814;,
  -0.046721;0.434267;-0.119294;,
  -0.031691;0.405246;-0.069072;,
  -0.036750;0.482413;-0.182453;,
  -0.048959;0.513500;-0.173683;,
  -0.042788;0.541619;-0.165822;,
  -0.056040;0.540708;-0.146189;,
  -0.025259;0.549221;-0.167536;,
  -0.007927;0.551672;-0.168544;,
  -0.007285;0.522764;-0.061608;,
  -0.056040;0.540708;-0.146189;,
  -0.042788;0.541619;-0.165822;,
  -0.067308;0.475452;-0.082767;,
  -0.065337;0.493738;-0.103980;,
  -0.072104;0.507994;-0.117167;,
  -0.076925;0.505374;-0.096590;,
  -0.067308;0.475452;-0.082767;,
  -0.076925;0.505374;-0.096590;,
  -0.072104;0.507994;-0.117167;,
  -0.062574;0.493375;-0.121299;,
  -0.063527;0.475107;-0.104014;,
  -0.061047;0.474345;-0.080235;,
  -0.046290;0.445763;-0.138347;,
  -0.063527;0.475107;-0.104014;,
  -0.039474;0.476302;-0.040267;,
  -0.039338;0.462829;-0.014152;,
  -0.066015;0.461084;-0.001588;,
  -0.047231;0.486274;-0.062781;,
  0.017841;0.222333;0.237507;,
  0.019888;0.188340;0.233393;,
  0.012004;0.162704;0.154222;,
  0.014616;0.174854;0.166514;,
  -0.025259;0.549221;-0.167536;,
  -0.007927;0.551672;-0.168544;,
  -0.032326;0.417221;-0.098735;,
  -0.025212;0.417632;-0.113772;,
  -0.024945;0.422879;-0.121872;,
  -0.026877;0.439728;-0.140739;,
  0.008605;0.357761;0.169643;,
  -0.066015;0.461084;-0.001588;,
  -0.070748;-0.013348;0.396111;,
  -0.024422;0.406657;-0.095053;,
  -0.031766;0.413952;-0.093015;,
  -0.024048;0.412236;-0.097257;,
  -0.023978;0.410199;-0.103133;,
  -0.086541;0.464056;0.070989;,
  -0.075599;0.432687;0.059033;,
  -0.084866;0.420373;0.050254;,
  -0.091516;0.402299;0.026056;,
  -0.057862;0.522981;-0.096092;,
  -0.054172;0.044575;0.048251;,
  -0.056078;0.022122;0.098362;,
  -0.025493;0.052922;-0.004788;,
  -0.029079;0.110243;-0.039419;,
  -0.056370;0.066547;0.001504;,
  -0.030548;0.163310;-0.060237;,
  -0.028925;0.136392;0.043864;,
  -0.017237;0.187785;0.007931;,
  -0.010317;0.198981;0.087007;,
  -0.005024;0.222397;0.077283;,
  0.005305;0.223360;0.103847;,
  -0.034838;0.227810;0.119720;,
  -0.052699;-0.002536;0.143492;,
  -0.022881;0.002334;0.021897;,
  -0.016253;0.103031;0.266813;,
  -0.074520;0.096168;0.274320;,
  -0.096825;0.087155;0.205399;,
  -0.027280;0.086505;0.198039;,
  -0.106062;0.072558;0.132882;,
  -0.039875;0.078215;0.136323;,
  -0.050665;0.017100;0.134700;,
  -0.100016;0.014216;0.122996;,
  -0.111804;0.084641;0.180611;,
  -0.032331;0.067339;0.204543;,
  0.019888;0.188340;0.233393;,
  -0.026396;0.173645;0.233536;,
  -0.075599;0.432687;0.059033;,
  -0.050521;0.192670;0.112781;,
  -0.071589;0.099992;0.089410;,
  -0.089020;-0.013332;0.088854;,
  -0.086056;-0.004377;0.160868;,
  -0.077224;0.021024;0.229917;,
  -0.069319;0.050177;0.303933;,
  0.105302;0.179245;0.010271;,
  0.057999;0.175655;0.190692;,
  0.097952;0.179049;0.123601;,
  0.076202;0.216784;-0.068932;,
  0.093709;0.224843;-0.011793;,
  0.092807;0.159718;0.024470;,
  0.077671;0.091905;0.062550;,
  -0.080118;0.160209;0.205138;;
  916;
  3;0,2,1;,
  3;2,0,3;,
  3;4,6,5;,
  3;6,4,7;,
  3;8,10,9;,
  3;10,8,11;,
  3;12,14,13;,
  3;14,12,15;,
  3;16,12,17;,
  3;12,16,15;,
  3;18,20,19;,
  3;20,18,16;,
  3;5,22,21;,
  3;22,5,6;,
  3;13,24,23;,
  3;24,13,14;,
  3;25,27,26;,
  3;27,25,28;,
  3;29,31,30;,
  3;31,29,32;,
  3;31,33,30;,
  3;33,31,34;,
  3;35,37,36;,
  3;37,35,38;,
  3;38,39,37;,
  3;39,38,40;,
  3;36,42,41;,
  3;42,36,37;,
  3;37,43,42;,
  3;43,37,39;,
  3;41,31,32;,
  3;31,41,42;,
  3;42,34,31;,
  3;34,42,43;,
  3;44,46,45;,
  3;46,44,47;,
  3;48,50,49;,
  3;50,48,51;,
  3;49,53,52;,
  3;53,49,50;,
  3;54,56,55;,
  3;56,54,57;,
  3;57,58,56;,
  3;58,57,59;,
  3;55,61,60;,
  3;61,55,56;,
  3;56,62,61;,
  3;62,56,58;,
  3;60,50,51;,
  3;50,60,61;,
  3;61,53,50;,
  3;53,61,62;,
  3;32,20,63;,
  3;20,32,29;,
  3;64,66,65;,
  3;66,64,19;,
  3;13,67,12;,
  3;67,13,68;,
  3;68,69,67;,
  3;69,68,70;,
  3;70,41,69;,
  3;41,70,36;,
  3;48,34,51;,
  3;34,48,33;,
  3;51,43,60;,
  3;43,51,34;,
  3;43,55,60;,
  3;55,43,39;,
  3;39,54,55;,
  3;54,39,40;,
  3;12,63,17;,
  3;63,12,67;,
  3;67,32,63;,
  3;32,67,69;,
  3;69,41,32;,
  3;71,72,25;,
  3;73,75,74;,
  3;75,73,76;,
  3;75,77,74;,
  3;77,75,78;,
  3;79,78,80;,
  3;78,79,77;,
  3;81,83,82;,
  3;83,85,84;,
  3;85,83,86;,
  3;87,89,88;,
  3;89,90,88;,
  3;90,89,91;,
  3;92,94,93;,
  3;92,88,94;,
  3;92,87,88;,
  3;88,95,94;,
  3;95,88,90;,
  3;96,94,83;,
  3;94,86,83;,
  3;86,94,95;,
  3;97,99,98;,
  3;99,97,100;,
  3;100,101,99;,
  3;101,100,102;,
  3;103,105,104;,
  3;105,103,106;,
  3;106,107,105;,
  3;107,106,108;,
  3;104,110,109;,
  3;110,104,105;,
  3;105,111,110;,
  3;111,105,107;,
  3;109,100,97;,
  3;100,109,110;,
  3;110,102,100;,
  3;102,110,111;,
  3;112,114,113;,
  3;114,112,115;,
  3;116,118,117;,
  3;118,116,119;,
  3;120,122,121;,
  3;122,120,123;,
  3;120,125,124;,
  3;125,120,121;,
  3;126,125,127;,
  3;125,126,124;,
  3;95,97,86;,
  3;97,95,109;,
  3;86,98,85;,
  3;98,86,97;,
  3;90,103,104;,
  3;103,90,91;,
  3;104,95,90;,
  3;95,104,109;,
  3;128,96,129;,
  3;96,128,93;,
  3;129,130,128;,
  3;130,129,131;,
  3;72,28,25;,
  3;28,72,132;,
  3;9,133,8;,
  3;134,136,135;,
  3;136,134,137;,
  3;81,137,134;,
  3;138,11,139;,
  3;138,10,11;,
  3;138,140,10;,
  3;141,11,142;,
  3;11,141,139;,
  3;128,130,143;,
  3;93,144,92;,
  3;93,143,144;,
  3;93,128,143;,
  3;145,87,146;,
  3;87,145,147;,
  3;74,148,73;,
  3;148,74,149;,
  3;150,147,145;,
  3;7,149,74;,
  3;148,151,73;,
  3;102,152,101;,
  3;152,102,126;,
  3;102,124,126;,
  3;124,102,111;,
  3;111,120,124;,
  3;120,111,107;,
  3;120,108,123;,
  3;108,120,107;,
  3;8,154,153;,
  3;154,8,133;,
  3;153,155,8;,
  3;155,153,156;,
  3;121,113,114;,
  3;113,121,122;,
  3;122,112,113;,
  3;112,122,157;,
  3;158,125,159;,
  3;125,158,127;,
  3;159,121,114;,
  3;121,159,125;,
  3;126,160,152;,
  3;160,126,161;,
  3;162,122,123;,
  3;122,162,163;,
  3;122,164,157;,
  3;164,122,163;,
  3;165,126,127;,
  3;126,165,161;,
  3;161,166,160;,
  3;166,161,167;,
  3;162,117,163;,
  3;117,162,116;,
  3;163,118,164;,
  3;118,163,117;,
  3;165,167,161;,
  3;167,165,168;,
  3;169,171,170;,
  3;171,169,172;,
  3;173,175,174;,
  3;175,173,176;,
  3;177,179,178;,
  3;179,177,173;,
  3;180,179,181;,
  3;179,180,182;,
  3;183,169,170;,
  3;169,183,184;,
  3;175,186,185;,
  3;186,175,176;,
  3;45,187,44;,
  3;187,45,188;,
  3;180,169,182;,
  3;169,180,172;,
  3;19,29,66;,
  3;20,29,19;,
  3;29,30,189;,
  3;30,190,189;,
  3;190,30,33;,
  3;33,191,190;,
  3;191,33,48;,
  3;191,49,192;,
  3;49,191,48;,
  3;192,52,193;,
  3;52,192,49;,
  3;194,170,186;,
  3;170,194,183;,
  3;170,185,186;,
  3;185,170,171;,
  3;186,176,194;,
  3;194,173,177;,
  3;173,194,176;,
  3;179,174,181;,
  3;174,179,173;,
  3;178,182,184;,
  3;182,178,179;,
  3;182,169,184;,
  3;16,17,20;,
  3;17,63,20;,
  3;66,195,65;,
  3;196,198,197;,
  3;198,196,199;,
  3;200,153,154;,
  3;153,200,201;,
  3;202,204,203;,
  3;205,207,206;,
  3;196,209,208;,
  3;209,196,197;,
  3;210,208,211;,
  3;208,210,196;,
  3;212,214,213;,
  3;214,212,215;,
  3;212,213,211;,
  3;201,217,216;,
  3;217,201,200;,
  3;218,220,219;,
  3;220,218,216;,
  3;210,199,196;,
  3;214,205,206;,
  3;221,223,222;,
  3;197,198,224;,
  3;224,226,225;,
  3;226,224,198;,
  3;227,214,206;,
  3;228,229,213;,
  3;229,228,230;,
  3;219,232,231;,
  3;214,228,213;,
  3;156,201,233;,
  3;201,156,153;,
  3;233,216,218;,
  3;216,233,201;,
  3;220,216,234;,
  3;235,220,234;,
  3;236,238,237;,
  3;238,236,239;,
  3;208,240,211;,
  3;240,208,241;,
  3;211,242,212;,
  3;242,211,240;,
  3;243,239,244;,
  3;239,243,238;,
  3;244,236,245;,
  3;236,244,239;,
  3;246,221,222;,
  3;221,246,215;,
  3;221,212,247;,
  3;212,221,215;,
  3;199,248,1;,
  3;248,199,249;,
  3;133,9,250;,
  3;249,210,251;,
  3;210,249,199;,
  3;210,211,251;,
  3;252,2,253;,
  3;2,252,1;,
  3;19,254,18;,
  3;254,19,64;,
  3;23,68,13;,
  3;68,23,255;,
  3;68,256,70;,
  3;256,68,255;,
  3;256,36,70;,
  3;36,256,257;,
  3;258,1,252;,
  3;1,258,199;,
  3;257,259,36;,
  3;36,259,35;,
  3;260,203,261;,
  3;203,260,202;,
  3;262,263,222;,
  3;263,262,264;,
  3;198,258,226;,
  3;258,198,199;,
  3;265,204,227;,
  3;265,206,266;,
  3;206,265,227;,
  3;222,267,246;,
  3;267,222,263;,
  3;89,87,147;,
  3;82,83,84;,
  3;78,16,18;,
  3;16,78,75;,
  3;75,15,16;,
  3;15,75,76;,
  3;15,71,14;,
  3;71,15,76;,
  3;14,268,24;,
  3;268,14,71;,
  3;248,269,1;,
  3;1,269,0;,
  3;135,129,134;,
  3;129,135,131;,
  3;134,96,81;,
  3;96,134,129;,
  3;96,83,81;,
  3;94,96,93;,
  3;29,189,66;,
  3;205,215,246;,
  3;267,205,246;,
  3;205,267,207;,
  3;205,214,215;,
  3;187,188,270;,
  3;224,272,271;,
  3;223,221,209;,
  3;224,223,197;,
  3;271,273,262;,
  3;273,271,272;,
  3;263,275,274;,
  3;273,276,262;,
  3;277,272,278;,
  3;272,277,273;,
  3;223,271,262;,
  3;271,223,224;,
  3;223,209,197;,
  3;208,221,247;,
  3;221,208,209;,
  3;222,223,262;,
  3;266,207,279;,
  3;207,266,206;,
  3;207,280,279;,
  3;280,207,267;,
  3;280,263,274;,
  3;263,280,267;,
  3;264,262,276;,
  3;76,73,72;,
  3;138,281,140;,
  3;73,132,72;,
  3;132,73,151;,
  3;72,71,76;,
  3;272,225,278;,
  3;155,11,8;,
  3;276,277,282;,
  3;277,276,273;,
  3;275,276,282;,
  3;276,275,264;,
  3;28,141,27;,
  3;141,28,139;,
  3;139,132,138;,
  3;132,139,28;,
  3;132,281,138;,
  3;281,132,151;,
  3;281,148,283;,
  3;148,281,151;,
  3;283,149,284;,
  3;149,283,148;,
  3;7,284,149;,
  3;284,7,4;,
  3;6,79,22;,
  3;79,6,77;,
  3;77,7,74;,
  3;7,77,6;,
  3;5,3,4;,
  3;3,5,2;,
  3;285,137,82;,
  3;137,285,136;,
  3;137,81,82;,
  3;92,146,87;,
  3;146,92,144;,
  3;2,21,253;,
  3;21,2,5;,
  3;286,213,229;,
  3;251,211,286;,
  3;213,286,211;,
  3;234,216,217;,
  3;227,202,228;,
  3;202,230,228;,
  3;230,202,260;,
  3;232,220,235;,
  3;228,214,227;,
  3;26,71,25;,
  3;71,26,268;,
  3;155,142,11;,
  3;18,80,78;,
  3;80,18,254;,
  3;272,224,225;,
  3;275,263,264;,
  3;202,227,204;,
  3;232,219,220;,
  3;287,289,288;,
  3;289,287,290;,
  3;291,288,292;,
  3;288,291,287;,
  3;293,292,294;,
  3;292,293,291;,
  3;295,294,296;,
  3;294,295,293;,
  3;296,297,295;,
  3;298,290,299;,
  3;290,298,289;,
  3;300,302,301;,
  3;302,300,303;,
  3;304,300,305;,
  3;300,304,303;,
  3;306,305,307;,
  3;305,306,304;,
  3;308,306,307;,
  3;306,308,309;,
  3;308,310,309;,
  3;145,146,311;,
  3;312,314,313;,
  3;314,312,315;,
  3;316,318,317;,
  3;318,316,319;,
  3;320,322,321;,
  3;322,320,323;,
  3;324,326,325;,
  3;326,324,327;,
  3;328,324,325;,
  3;324,328,329;,
  3;330,331,328;,
  3;331,330,332;,
  3;319,22,318;,
  3;22,319,21;,
  3;327,333,326;,
  3;333,327,334;,
  3;335,337,336;,
  3;337,335,338;,
  3;339,341,340;,
  3;341,339,342;,
  3;341,344,343;,
  3;344,341,342;,
  3;345,347,346;,
  3;347,345,348;,
  3;346,350,349;,
  3;350,346,347;,
  3;348,351,347;,
  3;351,348,352;,
  3;347,353,350;,
  3;353,347,351;,
  3;352,341,351;,
  3;341,352,340;,
  3;351,343,353;,
  3;343,351,341;,
  3;354,356,355;,
  3;356,354,357;,
  3;358,360,359;,
  3;360,358,361;,
  3;361,362,360;,
  3;362,361,363;,
  3;364,366,365;,
  3;366,364,367;,
  3;365,369,368;,
  3;369,365,366;,
  3;367,370,366;,
