xof 0303txt 0032
template XSkinMeshHeader {
 <3cf169ce-ff7c-44ab-93c0-f78f62d172e2>
 WORD nMaxSkinWeightsPerVertex;
 WORD nMaxSkinWeightsPerFace;
 WORD nBones;
}

template VertexDuplicationIndices {
 <b8d65549-d7c9-4995-89cf-53a9a8b031e3>
 DWORD nIndices;
 DWORD nOriginalVertices;
 array DWORD indices[nIndices];
}

template SkinWeights {
 <6f0d123b-bad2-4167-a0d0-80224f25fabb>
 STRING transformNodeName;
 DWORD nWeights;
 array DWORD vertexIndices[nWeights];
 array FLOAT weights[nWeights];
 Matrix4x4 matrixOffset;
}

template AnimTicksPerSecond {
 <9e415a43-7ba6-4a73-8743-b73d47e88476>
 DWORD AnimTicksPerSecond;
}

template VertexElement {
 <f752461c-1e23-48f6-b9f8-8350850f336f>
 DWORD Type;
 DWORD Method;
 DWORD Usage;
 DWORD UsageIndex;
}

template DeclData {
 <bf22e553-292c-4781-9fea-62bd554bdd93>
 DWORD nElements;
 array VertexElement Elements[nElements];
 DWORD nDWords;
 array DWORD data[nDWords];
}


AnimTicksPerSecond {
 4800;
}

Frame Dummy01 {
 

 FrameTransformMatrix {
  1.000000,0.000000,0.000000,0.000000,0.000000,-0.000000,-1.000000,0.000000,0.000000,1.000000,-0.000000,0.000000,0.000000,0.000000,0.000000,1.000000;;
 }

 Frame Bip01 {
  

  FrameTransformMatrix {
   -0.489721,0.799490,0.347834,0.000000,0.089573,-0.350702,0.932194,0.000000,0.867266,0.487672,0.100133,0.000000,0.001703,0.002123,0.479339,1.000000;;
  }

  Frame Bip01_Pelvis {
   

   FrameTransformMatrix {
    0.000000,0.996195,-0.087157,0.000000,-0.000001,0.087157,0.996194,0.000000,1.000000,0.000000,0.000001,0.000000,0.000000,0.000000,0.000000,1.000000;;
   }

   Frame Bip01_Spine {
    

    FrameTransformMatrix {
     0.982513,0.084300,0.166017,0.000000,-0.096996,0.992827,0.069902,0.000000,-0.158933,-0.084783,0.983642,0.000000,0.051450,0.004507,-0.000083,1.000000;;
    }

    Frame Bip01_Spine1 {
     

     FrameTransformMatrix {
      0.967530,0.106548,0.229204,0.000000,-0.077410,0.988145,-0.132581,0.000000,-0.240613,0.110533,0.964307,0.000000,0.106500,-0.000009,-0.000082,1.000000;;
     }

     Frame Bip01_Neck {
      

      FrameTransformMatrix {
       1.000000,0.000000,0.000000,0.000000,0.000000,1.000000,0.000000,0.000000,0.000000,0.000000,1.000000,0.000000,0.130504,0.000000,0.004625,1.000000;;
      }

      Frame Bip01_Head {
       

       FrameTransformMatrix {
        0.965727,0.115399,0.232494,0.000000,-0.024390,0.932112,-0.361348,0.000000,-0.258410,0.343293,0.902981,0.000000,0.033674,0.000000,0.000000,1.000000;;
       }

       Frame Bip01_HeadNub {
        

        FrameTransformMatrix {
         1.000000,-0.000000,0.000000,0.000000,0.000000,1.000000,-0.000000,0.000000,0.000000,-0.000000,1.000000,0.000000,0.169824,-0.000000,-0.000000,1.000000;;
        }
       }
      }

      Frame Bip01_L_Clavicle {
       

       FrameTransformMatrix {
        -0.092242,0.995696,0.008963,0.000000,0.995736,0.092245,0.000031,0.000000,-0.000796,0.008927,-0.999960,0.000000,-0.024025,0.015714,-0.004625,1.000000;;
       }

       Frame Bip01_L_UpperArm {
        

        FrameTransformMatrix {
         0.385144,-0.915904,0.113064,0.000000,0.922800,0.383569,-0.036253,0.000000,-0.010163,0.118298,0.992926,0.000000,0.087086,0.000000,0.000000,1.000000;;
        }

        Frame Bip01_L_Forearm {
         

         FrameTransformMatrix {
          -0.038172,-0.000000,-0.999271,0.000000,0.000000,1.000000,0.000000,0.000000,0.999271,0.000000,-0.038172,0.000000,0.137062,-0.000000,-0.000000,1.000000;;
         }

         Frame Bip01_L_Hand {
          

          FrameTransformMatrix {
           0.789350,0.344630,-0.508091,0.000000,-0.059903,0.866871,0.494921,0.000000,0.611014,-0.360230,0.704909,0.000000,0.137062,0.000000,0.000000,1.000000;;
          }

          Frame Bip01_L_Finger0 {
           

           FrameTransformMatrix {
            0.235353,-0.564101,0.791454,0.000000,0.835198,0.533842,0.132129,0.000000,-0.497045,0.629924,0.596777,0.000000,0.057681,-0.023605,-0.000272,1.000000;;
           }

           Frame Bip01_L_Finger0Nub {
            

            FrameTransformMatrix {
             1.000000,0.000000,0.000000,0.000000,0.000000,1.000000,0.000000,0.000000,0.000000,0.000000,1.000000,0.000000,0.029435,0.000000,-0.000000,1.000000;;
            }
           }
          }

          Frame Bip01_L_Finger1 {
           

           FrameTransformMatrix {
            0.328909,-0.000752,0.944361,0.000000,-0.000000,1.000000,0.000796,0.000000,-0.944361,-0.000262,0.328909,0.000000,0.084102,0.000000,-0.000000,1.000000;;
           }

           Frame Bip01_L_Finger1Nub {
            

            FrameTransformMatrix {
             1.000000,0.000000,-0.000000,0.000000,0.000000,1.000000,-0.000000,0.000000,-0.000000,-0.000000,1.000000,0.000000,0.047988,0.000000,-0.000000,1.000000;;
            }
           }
          }
         }
        }
       }
      }

      Frame Bip01_R_Clavicle {
       

       FrameTransformMatrix {
        -0.314167,-0.948385,0.043178,0.000000,-0.949367,0.313880,-0.013452,0.000000,-0.000795,-0.045218,-0.998977,0.000000,-0.024025,-0.015715,-0.004625,1.000000;;
       }

       Frame Bip01_R_UpperArm {
        

        FrameTransformMatrix {
         0.426421,0.838500,-0.339239,0.000000,-0.562575,0.539537,0.626426,0.000000,0.708290,-0.076274,0.701789,0.000000,0.087086,0.000000,0.000000,1.000000;;
        }

        Frame Bip01_R_Forearm {
         

         FrameTransformMatrix {
          0.769548,0.000000,-0.638589,0.000000,0.000000,1.000000,0.000000,0.000000,0.638589,0.000000,0.769548,0.000000,0.137062,0.000000,0.000000,1.000000;;
         }

         Frame Bip01_R_Hand {
          

          FrameTransformMatrix {
           0.943221,-0.109099,-0.313739,0.000000,-0.297630,0.141784,-0.944094,0.000000,0.147483,0.983867,0.101262,0.000000,0.137062,-0.000000,0.000000,1.000000;;
          }

          Frame Bip01_R_Finger0 {
           

           FrameTransformMatrix {
            0.166554,0.297180,0.940183,0.000000,-0.870771,0.491689,-0.001159,0.000000,-0.462621,-0.818491,0.340669,0.000000,0.057681,0.023605,-0.000272,1.000000;;
           }

           Frame Bip01_R_Finger0Nub {
            

            FrameTransformMatrix {
             -1.000000,-0.000000,0.000000,0.000000,0.000000,1.000000,0.000000,0.000000,-0.000000,-0.000000,-1.000000,0.000000,0.029435,-0.000000,0.000000,1.000000;;
            }
           }
          }

          Frame Bip01_R_Finger1 {
           

           FrameTransformMatrix {
            0.329982,0.000752,0.943986,0.000000,0.000000,1.000000,-0.000796,0.000000,-0.943987,0.000263,0.329982,0.000000,0.084102,0.000000,-0.000000,1.000000;;
           }

           Frame Bip01_R_Finger1Nub {
            

            FrameTransformMatrix {
             -1.000000,-0.000000,-0.000000,0.000000,0.000000,1.000000,0.000000,0.000000,0.000000,0.000000,-1.000000,0.000000,0.047988,-0.000000,0.000000,1.000000;;
            }
           }
          }
         }
        }
       }
      }
     }

     Frame Bip01_BackPack {
      

      FrameTransformMatrix {
       0.068803,-0.000002,-0.997630,0.000000,0.000003,1.000000,-0.000002,0.000000,0.997630,-0.000003,0.068803,0.000000,0.063696,-0.000000,-0.088851,1.000000;;
      }

      Frame Bip01_BackPackNub {
       

       FrameTransformMatrix {
        0.000796,0.000003,1.000000,0.000000,-0.000000,-1.000000,0.000003,0.000000,1.000000,0.000000,-0.000796,0.000000,0.053240,0.000000,0.000000,1.000000;;
       }
      }
     }
    }

    Frame Bip01_L_Thigh {
     

     FrameTransformMatrix {
      -0.984647,0.163935,0.059965,0.000000,-0.126951,-0.908303,0.398584,0.000000,0.119809,0.384851,0.915170,0.000000,-0.046261,0.055351,0.003959,1.000000;;
     }

     Frame Bip01_L_Calf {
      

      FrameTransformMatrix {
       0.893185,0.000000,-0.449690,0.000000,0.000000,1.000000,0.000000,0.000000,0.449690,-0.000000,0.893185,0.000000,0.237500,0.000000,0.000000,1.000000;;
      }

      Frame Bip01_L_Foot {
       

       FrameTransformMatrix {
        0.984994,0.100412,0.140371,0.000000,-0.129360,0.967933,0.215339,0.000000,-0.114247,-0.230266,0.966398,0.000000,0.206841,0.000000,-0.000000,1.000000;;
       }

       Frame Bip01_L_Toe0 {
        

        FrameTransformMatrix {
         -0.281150,0.092896,0.955157,0.000000,0.009525,0.995525,-0.094019,0.000000,-0.959617,-0.017336,-0.280777,0.000000,0.065373,-0.000000,0.066450,1.000000;;
        }

        Frame Bip01_L_Toe0Nub {
         

         FrameTransformMatrix {
          -1.000000,-0.000000,-0.000000,0.000000,-0.000000,1.000000,-0.000000,0.000000,-0.000000,-0.000000,-1.000000,0.000000,0.006735,0.000000,0.000000,1.000000;;
         }
        }
       }
      }
     }
    }

    Frame Bip01_R_Thigh {
     

     FrameTransformMatrix {
      -0.952939,-0.294713,0.071070,0.000000,0.299470,-0.951576,0.069434,0.000000,0.047165,0.087450,0.995052,0.000000,-0.055572,-0.054308,0.013323,1.000000;;
     }

     Frame Bip01_R_Calf {
      

      FrameTransformMatrix {
       0.735391,0.000000,-0.677642,0.000000,0.000000,1.000000,-0.000000,0.000000,0.677642,0.000000,0.735392,0.000000,0.237500,-0.000000,0.000000,1.000000;;
      }

      Frame Bip01_R_Foot {
       

       FrameTransformMatrix {
        0.857118,-0.207931,0.471288,0.000000,0.242568,0.970045,-0.013171,0.000000,-0.454432,0.125608,0.881881,0.000000,0.206841,0.000000,-0.000000,1.000000;;
       }

       Frame Bip01_R_Toe0 {
        

        FrameTransformMatrix {
         0.793109,-0.384600,0.472294,0.000000,-0.009867,0.767207,0.641324,0.000000,-0.609000,-0.513300,0.604683,0.000000,0.065373,-0.000000,0.066450,1.000000;;
        }

        Frame Bip01_R_Toe0Nub {
         

         FrameTransformMatrix {
          1.000000,0.000000,0.000000,0.000000,0.000000,1.000000,0.000000,0.000000,-0.000000,0.000000,1.000000,0.000000,0.006735,-0.000000,0.000000,1.000000;;
         }
        }
       }
      }
     }
    }
   }

   Frame Bip01_DressFront {
    

    FrameTransformMatrix {
     -0.987565,-0.139721,-0.072063,0.000000,-0.139575,0.990186,-0.007090,0.000000,0.072346,0.003056,-0.997375,0.000000,-0.044012,0.001399,0.061087,1.000000;;
    }

    Frame Bip01_DressFront02 {
     

     FrameTransformMatrix {
      0.970805,-0.095683,0.219959,0.000000,0.094048,0.995406,0.017921,0.000000,-0.220663,0.003289,0.975344,0.000000,0.183353,-0.000000,-0.000128,1.000000;;
     }

     Frame Bip01_DressFrontNub {
      

      FrameTransformMatrix {
       0.000796,0.000003,1.000000,0.000000,0.000000,-1.000000,0.000003,0.000000,1.000000,-0.000000,-0.000796,0.000000,0.165302,-0.000000,-0.000000,1.000000;;
      }
     }
    }
   }

   Frame Bip01_DressBack {
    

    FrameTransformMatrix {
     -0.977944,-0.204485,0.042551,0.000000,-0.202813,0.978379,0.040526,0.000000,-0.049917,0.031002,-0.998272,0.000000,-0.047725,-0.000004,-0.078279,1.000000;;
    }

    Frame Bip01_DressBack02 {
     

     FrameTransformMatrix {
      0.792109,-0.065383,0.606868,0.000000,0.065620,0.997606,0.021830,0.000000,-0.606842,0.022531,0.794503,0.000000,0.176225,-0.000002,-0.000086,1.000000;;
     }

     Frame Bip01_DressBackNub {
      

      FrameTransformMatrix {
       0.000796,0.000003,1.000000,0.000000,0.000000,-1.000000,0.000003,0.000000,1.000000,-0.000000,-0.000796,0.000000,0.136508,0.000000,0.000000,1.000000;;
      }
     }
    }
   }
  }

  Frame Bip01_Prop1 {
   

   FrameTransformMatrix {
    -0.697094,-0.035995,0.716076,0.000000,0.515771,0.668580,0.535706,0.000000,-0.498037,0.742769,-0.447497,0.000000,0.115818,-0.089045,-0.038489,1.000000;;
   }
  }

  Frame Bip01_Prop2 {
   

   FrameTransformMatrix {
    0.103981,-0.993998,-0.033988,0.000000,-0.128829,-0.047346,0.990536,0.000000,-0.986200,-0.098618,-0.132979,0.000000,0.102395,0.059916,0.141234,1.000000;;
   }
  }
 }
}

Frame Translation_Data {
 

 FrameTransformMatrix {
  1.000000,0.000000,0.000000,0.000000,0.000000,-0.000000,-1.000000,0.000000,0.000000,1.000000,-0.000000,0.000000,0.000000,-0.000000,0.000000,1.000000;;
 }
}

Frame Body {
 

 FrameTransformMatrix {
  1.000000,0.000000,0.000000,0.000000,0.000000,1.000000,0.000000,0.000000,0.000000,0.000000,1.000000,0.000000,0.000000,0.000000,0.000000,1.000000;;
 }

 Mesh Body {
  617;
  0.052108;0.741440;-0.020999;,
  0.021816;0.761124;0.009840;,
  0.019578;0.731720;-0.007142;,
  0.059818;0.721352;-0.028780;,
  0.065150;0.705567;-0.032787;,
  0.019117;0.700725;-0.026058;,
  0.027001;0.671054;-0.035061;,
  0.073896;0.673419;-0.025139;,
  0.039261;0.780898;0.043050;,
  0.073270;0.765225;0.020090;,
  0.093849;0.758948;0.042908;,
  0.069026;0.761953;0.062023;,
  0.094002;0.526369;0.010236;,
  0.069836;0.506092;0.046667;,
  0.069089;0.521297;0.045068;,
  0.087061;0.536346;0.012415;,
  0.054357;0.554115;-0.029391;,
  0.074756;0.526494;-0.028483;,
  0.014810;0.555071;-0.042338;,
  0.017531;0.502118;-0.052868;,
  0.048234;0.512373;-0.054810;,
  -0.018710;0.701980;-0.010151;,
  -0.024064;0.668352;-0.016295;,
  0.033027;0.494637;0.063942;,
  0.031959;0.512157;0.064541;,
  0.084884;0.624513;0.067905;,
  0.042052;0.621736;0.097297;,
  0.042620;0.663418;0.106544;,
  0.090668;0.667572;0.076041;,
  0.042758;0.465273;-0.080249;,
  0.058472;0.372593;-0.115085;,
  0.101204;0.366595;-0.095249;,
  0.085346;0.456970;-0.054692;,
  0.065327;0.279497;-0.149742;,
  0.101427;0.274292;-0.112133;,
  0.002438;0.451777;-0.052286;,
  0.044052;0.401385;0.021390;,
  0.037511;0.334675;-0.014891;,
  0.016689;0.357962;-0.084141;,
  0.055384;0.262591;-0.066467;,
  0.045425;0.266589;-0.106757;,
  0.097065;0.420550;-0.008891;,
  0.113935;0.347113;-0.034803;,
  0.094964;0.270354;-0.072595;,
  0.129539;-0.000570;-0.077592;,
  0.085118;-0.002809;-0.084432;,
  0.086394;-0.003831;-0.035640;,
  0.121103;-0.002033;-0.032969;,
  0.078753;0.217664;-0.125619;,
  0.088400;0.144508;-0.118842;,
  0.121426;0.148546;-0.094891;,
  0.113857;0.222537;-0.101976;,
  0.102972;0.066758;-0.110773;,
  0.124634;0.069153;-0.083805;,
  0.044160;0.196120;-0.094900;,
  0.051147;0.215326;-0.043045;,
  0.065611;0.151269;-0.048160;,
  0.063389;0.140122;-0.089451;,
  0.092787;0.077088;-0.058653;,
  0.088296;0.058879;-0.087729;,
  0.120677;0.231952;-0.053921;,
  0.126608;0.157745;-0.057820;,
  0.116061;0.084470;-0.060732;,
  0.082213;0.499252;-0.038439;,
  -0.024158;0.491757;-0.046707;,
  -0.017771;0.455151;-0.049030;,
  0.002438;0.451777;-0.052286;,
  0.110264;0.475825;0.002156;,
  0.078396;0.457204;0.043623;,
  0.100126;0.430961;-0.007236;,
  0.068264;0.419255;0.026467;,
  0.076483;0.576123;0.054466;,
  0.103219;0.626991;0.037007;,
  0.104617;0.634577;0.017603;,
  0.072135;0.643774;-0.023787;,
  0.057664;0.595224;-0.019462;,
  0.090436;0.584272;0.017404;,
  0.024528;0.643738;-0.037025;,
  0.022762;0.594654;-0.032472;,
  -0.026995;0.644819;-0.013984;,
  -0.021472;0.586388;-0.012325;,
  0.108076;0.707791;-0.049263;,
  0.060876;0.701999;-0.024079;,
  0.132457;0.663410;-0.050190;,
  0.080894;0.643951;-0.026683;,
  0.108819;0.607317;-0.014863;,
  0.150621;0.621019;-0.035287;,
  0.086194;0.698179;0.031205;,
  0.105779;0.651082;0.034107;,
  0.080894;0.643951;-0.026683;,
  0.127772;0.589264;0.018321;,
  0.108819;0.607317;-0.014863;,
  0.096001;0.702468;0.034927;,
  0.132601;0.713975;0.011637;,
  0.157370;0.670865;0.010640;,
  0.169470;0.602677;-0.002140;,
  0.125198;0.714029;-0.025512;,
  0.144153;0.635205;-0.047838;,
  0.093477;0.620637;-0.025033;,
  0.077541;0.609148;-0.082445;,
  0.110671;0.619186;-0.094654;,
  0.063517;0.589697;-0.121828;,
  0.084288;0.602098;-0.133669;,
  0.093477;0.620637;-0.025033;,
  0.114908;0.562606;-0.013128;,
  0.103527;0.558472;-0.076916;,
  0.077541;0.609148;-0.082445;,
  0.088098;0.563962;-0.124880;,
  0.063517;0.589697;-0.121828;,
  0.165263;0.577252;-0.035780;,
  0.128926;0.566565;-0.086052;,
  0.097401;0.567965;-0.130581;,
  0.022214;0.604630;-0.225850;,
  0.026361;0.598408;-0.205163;,
  0.073909;0.590844;-0.205994;,
  0.069314;0.597119;-0.226258;,
  0.016552;0.599436;-0.171600;,
  0.017500;0.600048;-0.182759;,
  0.016715;0.610980;-0.183731;,
  0.011334;0.609734;-0.169920;,
  0.084146;0.570582;-0.171131;,
  0.082829;0.595686;-0.198770;,
  0.042150;0.613954;-0.170543;,
  0.040207;0.584368;-0.152384;,
  0.101510;0.601353;-0.157600;,
  0.089045;0.614638;-0.199297;,
  0.056200;0.616170;-0.136875;,
  0.050274;0.632112;-0.171429;,
  0.100479;0.763423;0.007226;,
  0.091210;0.764844;-0.021150;,
  0.073270;0.765225;0.020090;,
  0.060349;0.761533;-0.001423;,
  0.114864;0.673264;0.043889;,
  0.036359;0.774427;0.015477;,
  0.078137;0.746908;-0.037494;,
  0.052108;0.741440;-0.020999;,
  0.059818;0.721352;-0.028780;,
  0.080160;0.721402;-0.038172;,
  0.112538;0.719081;0.039288;,
  0.087388;0.709162;0.072635;,
  0.112943;0.723302;0.034862;,
  0.037418;0.703136;0.101705;,
  0.024734;0.756881;0.078095;,
  0.093849;0.758948;0.042908;,
  0.112943;0.723302;0.034862;,
  0.078665;0.699319;-0.007147;,
  0.109365;0.714204;0.025538;,
  0.060876;0.701999;-0.024079;,
  0.101622;0.671544;0.014854;,
  0.079268;0.669510;-0.012026;,
  0.065150;0.705567;-0.032787;,
  0.113811;0.673879;0.026281;,
  0.040207;0.584368;-0.152384;,
  0.033666;0.805670;0.051638;,
  0.036196;0.802566;0.029811;,
  0.015311;0.782588;0.060042;,
  0.011620;0.807992;0.066652;,
  0.050274;0.632112;-0.171429;,
  0.022214;0.604630;-0.225850;,
  0.069314;0.597119;-0.226258;,
  0.030604;0.596829;-0.157673;,
  0.023664;0.621691;-0.159838;,
  0.030604;0.596829;-0.157673;,
  0.034247;0.601578;-0.174435;,
  0.037934;0.625831;-0.176426;,
  0.037934;0.625831;-0.176426;,
  0.016552;0.599436;-0.171600;,
  0.011334;0.609734;-0.169920;,
  0.016715;0.610980;-0.183731;,
  0.140967;0.023273;-0.153175;,
  0.112828;0.019523;-0.193266;,
  0.115746;0.001222;-0.200739;,
  0.148267;0.002152;-0.160351;,
  0.081748;0.029590;-0.045874;,
  0.086394;-0.003831;-0.035640;,
  0.085118;-0.002809;-0.084432;,
  0.082619;0.022098;-0.086568;,
  0.092787;0.077088;-0.058653;,
  0.116061;0.084470;-0.060732;,
  0.122965;0.034782;-0.042840;,
  0.129539;-0.000570;-0.077592;,
  0.121103;-0.002033;-0.032969;,
  0.129004;0.034438;-0.079254;,
  0.102972;0.066758;-0.110773;,
  0.124634;0.069153;-0.083805;,
  0.080109;-0.000843;-0.193270;,
  0.084766;0.014807;-0.185231;,
  0.148267;0.002152;-0.160351;,
  0.080109;-0.000843;-0.193270;,
  0.016689;0.357962;-0.084141;,
  0.045425;0.266589;-0.106757;,
  0.044160;0.196120;-0.094900;,
  0.063389;0.140122;-0.089451;,
  0.088296;0.058879;-0.087729;,
  0.088296;0.058879;-0.087729;,
  0.006775;0.426087;-0.013582;,
  0.044316;0.805127;0.015035;,
  0.034094;0.797481;-0.002216;,
  0.025523;0.791319;0.001606;,
  0.023726;0.798107;0.016487;,
  0.038310;0.828679;0.034715;,
  0.032051;0.842580;0.053425;,
  0.013403;0.937634;-0.022541;,
  -0.006302;0.942017;-0.021582;,
  -0.008460;0.924195;-0.045433;,
  0.025012;0.862676;-0.055631;,
  0.021373;0.892071;-0.053291;,
  0.007553;0.860117;-0.060255;,
  0.049245;0.832975;0.012358;,
  0.039115;0.816601;-0.010322;,
  0.043270;0.818045;0.021431;,
  0.051032;0.870839;0.021679;,
  0.049205;0.875831;-0.002275;,
  0.046999;0.910454;-0.015731;,
  0.036027;0.902398;-0.040120;,
  0.042688;0.865815;-0.026763;,
  0.040657;0.890315;0.055880;,
  0.049808;0.878008;0.036828;,
  0.002709;0.893409;0.070236;,
  0.000278;0.937022;0.047397;,
  0.032106;0.933128;0.034756;,
  0.043847;0.843897;-0.020953;,
  0.027490;0.833803;-0.041149;,
  0.028793;0.804171;-0.020828;,
  0.013896;0.777557;-0.025594;,
  -0.006282;0.772023;-0.032132;,
  -0.004313;0.774571;-0.011237;,
  0.017196;0.912843;-0.048452;,
  0.033301;0.927790;-0.021813;,
  0.045534;0.926544;0.015538;,
  0.030806;0.941526;0.004561;,
  -0.002916;0.950762;0.014625;,
  0.014086;0.948176;0.011212;,
  0.002651;0.853355;0.067088;,
  0.045534;0.926544;0.015538;,
  0.030806;0.941526;0.004561;,
  0.055345;0.835512;0.010575;,
  0.066811;0.866053;0.021282;,
  0.060532;0.882817;0.009745;,
  0.053474;0.863503;0.009453;,
  0.066811;0.866053;0.021282;,
  0.055345;0.835512;0.010575;,
  0.060532;0.882817;0.009745;,
  0.049205;0.875831;-0.002275;,
  0.049730;0.850709;-0.003687;,
  0.049245;0.832975;0.012358;,
  0.026621;0.855536;-0.045873;,
  0.049730;0.850709;-0.003687;,
  0.036359;0.774427;0.015477;,
  0.036196;0.802566;0.029811;,
  0.060349;0.761533;-0.001423;,
  0.038310;0.828679;0.034715;,
  -0.011648;0.750237;0.005409;,
  -0.014063;0.726738;-0.000128;,
  -0.024567;0.546893;-0.025493;,
  0.041610;0.447253;0.061539;,
  0.039655;0.416880;0.045719;,
  0.020342;0.404646;0.030729;,
  -0.008634;0.783769;0.004399;,
  0.006775;0.426087;-0.013582;,
  0.014086;0.948176;0.011212;,
  -0.002916;0.950762;0.014625;,
  0.013218;0.807299;-0.037371;,
  0.004501;0.828035;-0.048134;,
  0.004916;0.818547;-0.046395;,
  -0.009336;0.912377;-0.055410;,
  -0.009972;0.888306;-0.063632;,
  0.006549;0.853298;-0.049211;,
  0.037139;0.570687;0.080306;,
  0.060349;0.761533;-0.001423;,
  0.115746;0.001222;-0.200739;,
  0.012815;0.800906;-0.035730;,
  0.004600;0.797428;-0.041362;,
  0.004623;0.802873;-0.038817;,
  -0.009304;0.822903;-0.060737;,
  -0.008233;0.816480;-0.049860;,
  0.003833;0.805728;-0.044286;,
  -0.007052;0.802991;-0.038279;,
  -0.007413;0.795180;-0.042574;,
  -0.009906;0.857559;-0.064879;,
  -0.009313;0.849164;-0.059169;,
  0.109365;0.714204;0.025538;,
  -0.007879;0.804972;-0.046862;,
  0.081640;0.702416;0.009815;,
  0.078665;0.699319;-0.007147;,
  0.065150;0.705567;-0.032787;,
  0.049808;0.878008;0.036828;,
  0.078753;0.217664;-0.125619;,
  0.005628;0.221845;-0.130739;,
  0.019358;0.145394;-0.130082;,
  0.088400;0.144508;-0.118842;,
  0.065327;0.279497;-0.149742;,
  0.006461;0.282990;-0.138318;,
  0.058472;0.372593;-0.115085;,
  -0.004895;0.370707;-0.102827;,
  0.042758;0.465273;-0.080249;,
  -0.009385;0.455793;-0.077394;,
  0.017531;0.502118;-0.052868;,
  0.022302;0.072883;-0.131379;,
  0.102972;0.066758;-0.110773;,
  0.072087;0.141930;-0.021931;,
  0.084857;0.073070;-0.017517;,
  0.031201;0.060807;0.054740;,
  0.022221;0.130465;0.034078;,
  0.009378;0.192548;0.008909;,
  0.057617;0.215161;-0.029918;,
  0.003112;0.248022;-0.006652;,
  0.053449;0.256466;-0.036457;,
  0.039186;0.330365;-0.000663;,
  0.018125;0.323591;0.018474;,
  0.036684;0.390599;0.037591;,
  0.081640;0.702416;0.009815;,
  -0.069830;0.731506;0.039253;,
  -0.077918;0.712012;0.039575;,
  -0.039899;0.730798;0.022713;,
  -0.028350;0.760346;0.035021;,
  -0.085355;0.702849;0.044496;,
  -0.085575;0.666881;0.060063;,
  -0.068011;0.667159;0.015702;,
  -0.054021;0.699592;0.010653;,
  -0.012633;0.780093;0.069098;,
  -0.014728;0.760654;0.104064;,
  -0.046570;0.754001;0.112810;,
  -0.055042;0.754007;0.083195;,
  -0.051322;0.496197;0.086126;,
  -0.045159;0.510656;0.084907;,
  -0.005016;0.506898;0.085697;,
  -0.003439;0.490878;0.084933;,
  -0.068719;0.530202;0.038087;,
  -0.072087;0.496006;0.048200;,
  -0.060202;0.540497;-0.001211;,
  -0.073917;0.487498;0.008297;,
  -0.053994;0.487268;-0.015516;,
  0.031959;0.512157;0.064541;,
  0.033027;0.494637;0.063942;,
  -0.004844;0.617815;0.119674;,
  -0.009590;0.663462;0.129608;,
  0.042620;0.663418;0.106544;,
  0.042052;0.621736;0.097297;,
  -0.076732;0.441219;-0.018619;,
  -0.088432;0.434149;0.030026;,
  -0.128009;0.344220;0.019148;,
  -0.109564;0.346193;-0.024571;,
  -0.138059;0.251106;0.015696;,
  -0.136646;0.245947;-0.035118;,
  -0.027250;0.427288;-0.023322;,
  -0.057564;0.332011;-0.028065;,
  -0.026413;0.315857;0.039315;,
  0.022946;0.397003;0.032412;,
  -0.092722;0.240490;-0.016795;,
  -0.073267;0.245254;0.018071;,
  -0.096782;0.330664;0.074252;,
  -0.058305;0.400081;0.071621;,
  -0.107034;0.254495;0.039015;,
  -0.098286;-0.001503;0.121536;,
  -0.065688;-0.001526;0.153190;,
  -0.038775;-0.001072;0.131042;,
  -0.065809;-0.000927;0.090392;,
  -0.121325;0.191612;0.008968;,
  -0.131434;0.207927;0.047004;,
  -0.119487;0.142125;0.080314;,
  -0.111220;0.126697;0.043242;,
  -0.101397;0.070643;0.115202;,
  -0.102083;0.061163;0.082174;,
  -0.072085;0.178563;0.012060;,
  -0.072683;0.130181;0.046614;,
  -0.048335;0.155063;0.071559;,
  -0.045409;0.215100;0.044622;,
  -0.074339;0.060337;0.090873;,
  -0.062149;0.083429;0.110566;,
  -0.099779;0.164036;0.105158;,
  -0.105534;0.234000;0.080076;,
  -0.082093;0.090632;0.122934;,
  -0.075270;0.466555;0.043801;,
  -0.027250;0.427288;-0.023322;,
  0.005121;0.441990;0.081888;,
  -0.050241;0.442501;0.085974;,
  -0.000401;0.404216;0.066286;,
  -0.051538;0.406224;0.071518;,
  -0.004370;0.567180;0.102953;,
  -0.041101;0.616220;0.120272;,
  -0.059501;0.622328;0.112291;,
  -0.044893;0.569304;0.098560;,
  -0.064692;0.581691;0.053914;,
  -0.080824;0.632357;0.064463;,
  -0.060533;0.585441;0.017479;,
  -0.069237;0.636739;0.017073;,
  -0.100534;0.694189;0.035426;,
  -0.119521;0.648401;0.025040;,
  -0.050074;0.689207;0.053442;,
  -0.128372;0.598057;0.019799;,
  -0.082750;0.584889;0.030062;,
  -0.063405;0.631405;0.037370;,
  -0.067262;0.667920;0.107878;,
  -0.063405;0.631405;0.037370;,
  -0.080708;0.619270;0.099970;,
  -0.082750;0.584889;0.030062;,
  -0.097502;0.568299;0.078448;,
  -0.076922;0.669650;0.113545;,
  -0.136885;0.636563;0.087768;,
  -0.117359;0.681175;0.097845;,
  -0.143016;0.581301;0.068219;,
  -0.114978;0.691669;0.061526;,
  -0.130346;0.590419;0.001243;,
  -0.121262;0.545574;-0.037174;,
  -0.087349;0.532488;-0.032062;,
  -0.076674;0.572925;0.011904;,
  -0.116445;0.505950;-0.067051;,
  -0.092095;0.501220;-0.057214;,
  -0.076674;0.572925;0.011904;,
  -0.087349;0.532488;-0.032062;,
  -0.113999;0.500522;0.007204;,
  -0.097470;0.535223;0.058088;,
  -0.092095;0.501220;-0.057214;,
  -0.112984;0.475937;-0.036153;,
  -0.139862;0.510989;0.003249;,
  -0.150877;0.552638;0.047592;,
  -0.129397;0.481201;-0.041916;,
  -0.061243;0.451980;-0.149372;,
  -0.093090;0.425722;-0.125470;,
  -0.096838;0.437051;-0.107339;,
  -0.064760;0.463881;-0.131210;,
  -0.064782;0.486482;-0.110185;,
  -0.063545;0.494921;-0.118145;,
  -0.067740;0.483243;-0.126347;,
  -0.064855;0.477769;-0.117248;,
  -0.099451;0.451888;-0.068530;,
  -0.077421;0.493366;-0.084851;,
  -0.093154;0.489199;-0.115576;,
  -0.108097;0.440187;-0.102941;,
  -0.124210;0.443813;-0.114138;,
  -0.134069;0.465527;-0.075384;,
  -0.111988;0.509620;-0.091824;,
  -0.110194;0.491311;-0.125659;,
  -0.081688;0.741024;0.096047;,
  -0.098392;0.741238;0.071244;,
  -0.063075;0.750093;0.059272;,
  -0.055042;0.754007;0.083195;,
  -0.050153;0.666497;0.132054;,
  -0.032845;0.773353;0.050215;,
  -0.097873;0.725668;0.048364;,
  -0.086196;0.702960;0.048157;,
  -0.077918;0.712012;0.039575;,
  -0.069830;0.731506;0.039253;,
  -0.060895;0.713164;0.126969;,
  -0.065121;0.716855;0.124493;,
  -0.015878;0.707560;0.124469;,
  0.037418;0.703136;0.101705;,
  0.024734;0.756881;0.078095;,
  -0.046570;0.754001;0.112810;,
  -0.065121;0.716855;0.124493;,
  -0.071784;0.693781;0.069573;,
  -0.050074;0.689207;0.053442;,
  -0.068028;0.706284;0.115292;,
  -0.077329;0.663089;0.071641;,
  -0.067157;0.664623;0.105030;,
  -0.085355;0.702849;0.044496;,
  -0.064382;0.666573;0.121486;,
  -0.077421;0.493366;-0.084851;,
  -0.029949;0.801839;0.050176;,
  -0.015268;0.805132;0.066704;,
  0.011620;0.807992;0.066652;,
  0.015311;0.782588;0.060042;,
  -0.110194;0.491311;-0.125659;,
  -0.061243;0.451980;-0.149372;,
  -0.093090;0.425722;-0.125470;,
  -0.080068;0.506034;-0.118446;,
  -0.078330;0.492125;-0.096664;,
  -0.078330;0.492125;-0.096664;,
  -0.081816;0.480534;-0.109713;,
  -0.093313;0.491304;-0.128623;,
  -0.093313;0.491304;-0.128623;,
  -0.063545;0.494921;-0.118145;,
  -0.064782;0.486482;-0.110185;,
  -0.067740;0.483243;-0.126347;,
  -0.152564;0.020038;0.066748;,
  -0.161257;-0.001658;0.064599;,
  -0.157836;-0.001225;0.012852;,
  -0.152365;0.017373;0.017697;,
  -0.043048;0.032376;0.120733;,
  -0.066628;0.024043;0.087756;,
  -0.065809;-0.000927;0.090392;,
  -0.038775;-0.001072;0.131042;,
  -0.062149;0.083429;0.110566;,
  -0.075288;0.034884;0.146987;,
  -0.082093;0.090632;0.122934;,
  -0.098286;-0.001503;0.121536;,
  -0.101098;0.033424;0.120639;,
  -0.065688;-0.001526;0.153190;,
  -0.102083;0.061163;0.082174;,
  -0.101397;0.070643;0.115202;,
  -0.124539;0.014686;0.008064;,
  -0.124326;-0.000776;-0.001533;,
  -0.124326;-0.000776;-0.001533;,
  -0.161257;-0.001658;0.064599;,
  -0.057564;0.332011;-0.028065;,
  -0.092722;0.240490;-0.016795;,
  -0.072085;0.178563;0.012060;,
  -0.072683;0.130181;0.046614;,
  -0.074339;0.060337;0.090873;,
  -0.074339;0.060337;0.090873;,
  -0.047489;0.804575;0.023753;,
  -0.027511;0.797545;0.032262;,
  -0.031397;0.790977;0.007011;,
  -0.040606;0.797032;0.004877;,
  -0.038167;0.828219;0.041977;,
  -0.028664;0.842215;0.059191;,
  -0.025782;0.937399;-0.018820;,
  -0.006302;0.942017;-0.021582;,
  -0.042517;0.862270;-0.049219;,
  -0.026211;0.859915;-0.057049;,
  -0.038853;0.891709;-0.047572;,
  -0.047290;0.816082;-0.002117;,
  -0.053165;0.832359;0.022082;,
  -0.045412;0.817512;0.029852;,
  -0.053616;0.870210;0.031616;,
  -0.056390;0.875196;0.007752;,
  -0.054480;0.865230;-0.017537;,
  -0.050888;0.901876;-0.031866;,
  -0.057169;0.909828;-0.005839;,
  -0.049649;0.877410;0.046272;,
  -0.037223;0.889847;0.063276;,
  0.002709;0.893409;0.070236;,
  -0.033311;0.932734;0.040968;,
  0.000278;0.937022;0.047397;,
  -0.054264;0.843307;-0.011636;,
  -0.038983;0.803764;-0.014392;,
  -0.041881;0.833386;-0.034562;,
  -0.024933;0.777324;-0.021907;,
  -0.034088;0.912534;-0.043582;,
  -0.045068;0.927319;-0.014371;,
  -0.037818;0.941114;0.011078;,
  -0.050037;0.925969;0.024613;,
  -0.020226;0.947970;0.014470;,
  -0.002916;0.950762;0.014625;,
  0.002651;0.853355;0.067088;,
  -0.050037;0.925969;0.024613;,
  -0.037818;0.941114;0.011078;,
  -0.059522;0.834822;0.021482;,
  -0.058229;0.862832;0.020060;,
  -0.065335;0.882061;0.021697;,
  -0.069130;0.865236;0.034191;,
  -0.059522;0.834822;0.021482;,
  -0.069130;0.865236;0.034191;,
  -0.065335;0.882061;0.021697;,
  -0.056390;0.875196;0.007752;,
  -0.056873;0.850068;0.006435;,
  -0.053165;0.832359;0.022082;,
  -0.042176;0.855123;-0.039340;,
  -0.056873;0.850068;0.006435;,
  -0.029949;0.801839;0.050176;,
  -0.032845;0.773353;0.050215;,
  -0.063075;0.750093;0.059272;,
  -0.038167;0.828219;0.041977;,
  0.041610;0.447253;0.061539;,
  0.039655;0.416880;0.045719;,
  0.020342;0.404646;0.030729;,
  0.006775;0.426087;-0.013582;,
  -0.020226;0.947970;0.014470;,
  -0.002916;0.950762;0.014625;,
  -0.026838;0.807058;-0.033568;,
  -0.020517;0.818394;-0.043980;,
  -0.020550;0.827884;-0.045755;,
  -0.023066;0.853120;-0.046398;,
  0.037139;0.570687;0.080306;,
  -0.063075;0.750093;0.059272;,
  -0.157836;-0.001225;0.012852;,
  -0.019008;0.797286;-0.039120;,
  -0.026057;0.800672;-0.032039;,
  -0.018617;0.802733;-0.036610;,
  -0.018904;0.805591;-0.042126;,
  -0.068028;0.706284;0.115292;,
  -0.061177;0.696971;0.084088;,
  -0.071784;0.693781;0.069573;,
  -0.085355;0.702849;0.044496;,
  -0.049649;0.877410;0.046272;,
  -0.081355;0.204462;-0.062704;,
  -0.085114;0.132942;-0.039677;,
  -0.040310;0.142335;-0.099531;,
  -0.039496;0.218978;-0.103355;,
  -0.089762;0.261948;-0.074937;,
  -0.043188;0.278405;-0.108787;,
  -0.059650;0.352968;-0.063397;,
  -0.033482;0.363605;-0.085460;,
  -0.040159;0.439421;-0.053816;,
  -0.026448;0.447203;-0.067074;,
  -0.024158;0.491757;-0.046707;,
  -0.053994;0.487268;-0.015516;,
  -0.086073;0.064063;-0.024733;,
  -0.042724;0.076890;-0.099650;,
  -0.020898;0.087353;0.118541;,
  -0.082081;0.090632;0.122927;,
  -0.099779;0.164036;0.105158;,
  -0.031596;0.154695;0.086576;,
  -0.105534;0.234000;0.080076;,
  -0.043489;0.218931;0.061424;,
  -0.049576;0.246907;0.041171;,
  -0.107034;0.254495;0.039015;,
  -0.096782;0.330664;0.074252;,
  -0.016926;0.311487;0.053359;,
  0.039655;0.416880;0.045719;,
  -0.000401;0.404216;0.066286;,
  -0.061177;0.696971;0.084088;,
  -0.076732;0.441219;-0.018619;,
  -0.109564;0.346193;-0.024571;,
  -0.136646;0.245947;-0.035118;,
  -0.121325;0.191612;0.008968;,
  -0.111220;0.126697;0.043242;,
  -0.102083;0.061163;0.082174;,
  0.113935;0.347113;-0.034803;,
  0.068264;0.419255;0.026467;,
  0.097065;0.420550;-0.008891;,
  0.094964;0.270354;-0.072595;,
  0.120677;0.231952;-0.053921;,
  0.126608;0.157745;-0.057820;,
  0.116061;0.084469;-0.060732;,
  -0.058305;0.400081;0.071621;;
  916;
  3;0,2,1;,
  3;2,0,3;,
  3;4,6,5;,
  3;6,4,7;,
  3;8,10,9;,
  3;10,8,11;,
  3;12,14,13;,
  3;14,12,15;,
  3;16,12,17;,
  3;12,16,15;,
  3;18,20,19;,
  3;20,18,16;,
  3;5,22,21;,
  3;22,5,6;,
  3;13,24,23;,
  3;24,13,14;,
  3;25,27,26;,
  3;27,25,28;,
  3;29,31,30;,
  3;31,29,32;,
  3;31,33,30;,
  3;33,31,34;,
  3;35,37,36;,
  3;37,35,38;,
  3;38,39,37;,
  3;39,38,40;,
  3;36,42,41;,
  3;42,36,37;,
  3;37,43,42;,
  3;43,37,39;,
  3;41,31,32;,
  3;31,41,42;,
  3;42,34,31;,
  3;34,42,43;,
  3;44,46,45;,
  3;46,44,47;,
  3;48,50,49;,
  3;50,48,51;,
  3;49,53,52;,
  3;53,49,50;,
  3;54,56,55;,
  3;56,54,57;,
  3;57,58,56;,
  3;58,57,59;,
  3;55,61,60;,
  3;61,55,56;,
  3;56,62,61;,
  3;62,56,58;,
  3;60,50,51;,
  3;50,60,61;,
  3;61,53,50;,
  3;53,61,62;,
  3;32,20,63;,
  3;20,32,29;,
  3;64,66,65;,
  3;66,64,19;,
  3;13,67,12;,
  3;67,13,68;,
  3;68,69,67;,
  3;69,68,70;,
  3;70,41,69;,
  3;41,70,36;,
  3;48,34,51;,
  3;34,48,33;,
  3;51,43,60;,
  3;43,51,34;,
  3;43,55,60;,
  3;55,43,39;,
  3;39,54,55;,
  3;54,39,40;,
  3;12,63,17;,
  3;63,12,67;,
  3;67,32,63;,
  3;32,67,69;,
  3;69,41,32;,
  3;71,72,25;,
  3;73,75,74;,
  3;75,73,76;,
  3;75,77,74;,
  3;77,75,78;,
  3;79,78,80;,
  3;78,79,77;,
  3;81,83,82;,
  3;83,85,84;,
  3;85,83,86;,
  3;87,89,88;,
  3;89,90,88;,
  3;90,89,91;,
  3;92,94,93;,
  3;92,88,94;,
  3;92,87,88;,
  3;88,95,94;,
  3;95,88,90;,
  3;96,94,83;,
  3;94,86,83;,
  3;86,94,95;,
  3;97,99,98;,
  3;99,97,100;,
  3;100,101,99;,
  3;101,100,102;,
  3;103,105,104;,
  3;105,103,106;,
  3;106,107,105;,
  3;107,106,108;,
  3;104,110,109;,
  3;110,104,105;,
  3;105,111,110;,
  3;111,105,107;,
  3;109,100,97;,
  3;100,109,110;,
  3;110,102,100;,
  3;102,110,111;,
  3;112,114,113;,
  3;114,112,115;,
  3;116,118,117;,
  3;118,116,119;,
  3;120,122,121;,
  3;122,120,123;,
  3;120,125,124;,
  3;125,120,121;,
  3;126,125,127;,
  3;125,126,124;,
  3;95,97,86;,
  3;97,95,109;,
  3;86,98,85;,
  3;98,86,97;,
  3;90,103,104;,
  3;103,90,91;,
  3;104,95,90;,
  3;95,104,109;,
  3;128,96,129;,
  3;96,128,93;,
  3;129,130,128;,
  3;130,129,131;,
  3;72,28,25;,
  3;28,72,132;,
  3;9,133,8;,
  3;134,136,135;,
  3;136,134,137;,
  3;81,137,134;,
  3;138,11,139;,
  3;138,10,11;,
  3;138,140,10;,
  3;141,11,142;,
  3;11,141,139;,
  3;128,130,143;,
  3;93,144,92;,
  3;93,143,144;,
  3;93,128,143;,
  3;145,87,146;,
  3;87,145,147;,
  3;74,148,73;,
  3;148,74,149;,
  3;150,147,145;,
  3;7,149,74;,
  3;148,151,73;,
  3;102,152,101;,
  3;152,102,126;,
  3;102,124,126;,
  3;124,102,111;,
  3;111,120,124;,
  3;120,111,107;,
  3;120,108,123;,
  3;108,120,107;,
  3;8,154,153;,
  3;154,8,133;,
  3;153,155,8;,
  3;155,153,156;,
  3;121,113,114;,
  3;113,121,122;,
  3;122,112,113;,
  3;112,122,157;,
  3;158,125,159;,
  3;125,158,127;,
  3;159,121,114;,
  3;121,159,125;,
  3;126,160,152;,
  3;160,126,161;,
  3;162,122,123;,
  3;122,162,163;,
  3;122,164,157;,
  3;164,122,163;,
  3;165,126,127;,
  3;126,165,161;,
  3;161,166,160;,
  3;166,161,167;,
  3;162,117,163;,
  3;117,162,116;,
  3;163,118,164;,
  3;118,163,117;,
  3;165,167,161;,
  3;167,165,168;,
  3;169,171,170;,
  3;171,169,172;,
  3;173,175,174;,
  3;175,173,176;,
  3;177,179,178;,
  3;179,177,173;,
  3;180,179,181;,
  3;179,180,182;,
  3;183,169,170;,
  3;169,183,184;,
  3;175,186,185;,
  3;186,175,176;,
  3;45,187,44;,
  3;187,45,188;,
  3;180,169,182;,
  3;169,180,172;,
  3;19,29,66;,
  3;20,29,19;,
  3;29,30,189;,
  3;30,190,189;,
  3;190,30,33;,
  3;33,191,190;,
  3;191,33,48;,
  3;191,49,192;,
  3;49,191,48;,
  3;192,52,193;,
  3;52,192,49;,
  3;194,170,186;,
  3;170,194,183;,
  3;170,185,186;,
  3;185,170,171;,
  3;186,176,194;,
  3;194,173,177;,
  3;173,194,176;,
  3;179,174,181;,
  3;174,179,173;,
  3;178,182,184;,
  3;182,178,179;,
  3;182,169,184;,
  3;16,17,20;,
  3;17,63,20;,
  3;66,195,65;,
  3;196,198,197;,
  3;198,196,199;,
  3;200,153,154;,
  3;153,200,201;,
  3;202,204,203;,
  3;205,207,206;,
  3;196,209,208;,
  3;209,196,197;,
  3;210,208,211;,
  3;208,210,196;,
  3;212,214,213;,
  3;214,212,215;,
  3;212,213,211;,
  3;201,217,216;,
  3;217,201,200;,
  3;218,220,219;,
  3;220,218,216;,
  3;210,199,196;,
  3;214,205,206;,
  3;221,223,222;,
  3;197,198,224;,
  3;224,226,225;,
  3;226,224,198;,
  3;227,214,206;,
  3;228,229,213;,
  3;229,228,230;,
  3;219,232,231;,
  3;214,228,213;,
  3;156,201,233;,
  3;201,156,153;,
  3;233,216,218;,
  3;216,233,201;,
  3;220,216,234;,
  3;235,220,234;,
  3;236,238,237;,
  3;238,236,239;,
  3;208,240,211;,
  3;240,208,241;,
  3;211,242,212;,
  3;242,211,240;,
  3;243,239,244;,
  3;239,243,238;,
  3;244,236,245;,
  3;236,244,239;,
  3;246,221,222;,
  3;221,246,215;,
  3;221,212,247;,
  3;212,221,215;,
  3;199,248,1;,
  3;248,199,249;,
  3;133,9,250;,
  3;249,210,251;,
  3;210,249,199;,
  3;210,211,251;,
  3;252,2,253;,
  3;2,252,1;,
  3;19,254,18;,
  3;254,19,64;,
  3;23,68,13;,
  3;68,23,255;,
  3;68,256,70;,
  3;256,68,255;,
  3;256,36,70;,
  3;36,256,257;,
  3;258,1,252;,
  3;1,258,199;,
  3;257,259,36;,
  3;36,259,35;,
  3;260,203,261;,
  3;203,260,202;,
  3;262,263,222;,
  3;263,262,264;,
  3;198,258,226;,
  3;258,198,199;,
  3;265,204,227;,
  3;265,206,266;,
  3;206,265,227;,
  3;222,267,246;,
  3;267,222,263;,
  3;89,87,147;,
  3;82,83,84;,
  3;78,16,18;,
  3;16,78,75;,
  3;75,15,16;,
  3;15,75,76;,
  3;15,71,14;,
  3;71,15,76;,
  3;14,268,24;,
  3;268,14,71;,
  3;248,269,1;,
  3;1,269,0;,
  3;135,129,134;,
  3;129,135,131;,
  3;134,96,81;,
  3;96,134,129;,
  3;96,83,81;,
  3;94,96,93;,
  3;29,189,66;,
  3;205,215,246;,
  3;267,205,246;,
  3;205,267,207;,
  3;205,214,215;,
  3;187,188,270;,
  3;224,272,271;,
  3;223,221,209;,
  3;224,223,197;,
  3;271,273,262;,
  3;273,271,272;,
  3;263,275,274;,
  3;273,276,262;,
  3;277,272,278;,
  3;272,277,273;,
  3;223,271,262;,
  3;271,223,224;,
  3;223,209,197;,
  3;208,221,247;,
  3;221,208,209;,
  3;222,223,262;,
  3;266,207,279;,
  3;207,266,206;,
  3;207,280,279;,
  3;280,207,267;,
  3;280,263,274;,
  3;263,280,267;,
  3;264,262,276;,
  3;76,73,72;,
  3;138,281,140;,
  3;73,132,72;,
  3;132,73,151;,
  3;72,71,76;,
  3;272,225,278;,
  3;155,11,8;,
  3;276,277,282;,
  3;277,276,273;,
  3;275,276,282;,
  3;276,275,264;,
  3;28,141,27;,
  3;141,28,139;,
  3;139,132,138;,
  3;132,139,28;,
  3;132,281,138;,
  3;281,132,151;,
  3;281,148,283;,
  3;148,281,151;,
  3;283,149,284;,
  3;149,283,148;,
  3;7,284,149;,
  3;284,7,4;,
  3;6,79,22;,
  3;79,6,77;,
  3;77,7,74;,
  3;7,77,6;,
  3;5,3,4;,
  3;3,5,2;,
  3;285,137,82;,
  3;137,285,136;,
  3;137,81,82;,
  3;92,146,87;,
  3;146,92,144;,
  3;2,21,253;,
  3;21,2,5;,
  3;286,213,229;,
  3;251,211,286;,
  3;213,286,211;,
  3;234,216,217;,
  3;227,202,228;,
  3;202,230,228;,
  3;230,202,260;,
  3;232,220,235;,
  3;228,214,227;,
  3;26,71,25;,
  3;71,26,268;,
  3;155,142,11;,
  3;18,80,78;,
  3;80,18,254;,
  3;272,224,225;,
  3;275,263,264;,
  3;202,227,204;,
  3;232,219,220;,
  3;287,289,288;,
  3;289,287,290;,
  3;291,288,292;,
  3;288,291,287;,
  3;293,292,294;,
  3;292,293,291;,
  3;295,294,296;,
  3;294,295,293;,
  3;296,297,295;,
  3;298,290,299;,
  3;290,298,289;,
  3;300,302,301;,
  3;302,300,303;,
  3;304,300,305;,
  3;300,304,303;,
  3;306,305,307;,
  3;305,306,304;,
  3;308,306,307;,
  3;306,308,309;,
  3;308,310,309;,
  3;145,146,311;,
  3;312,314,313;,
  3;314,312,315;,
  3;316,318,317;,
  3;318,316,319;,
  3;320,322,321;,
  3;322,320,323;,
  3;324,326,325;,
  3;326,324,327;,
  3;328,324,325;,
  3;324,328,329;,
  3;330,331,328;,
  3;331,330,332;,
  3;319,22,318;,
  3;22,319,21;,
  3;327,333,326;,
  3;333,327,334;,
  3;335,337,336;,
  3;337,335,338;,
  3;339,341,340;,
  3;341,339,342;,
  3;341,344,343;,
  3;344,341,342;,
  3;345,347,346;,
  3;347,345,348;,
  3;346,350,349;,
  3;350,346,347;,
  3;348,351,347;,
  3;351,348,352;,
  3;347,353,350;,
  3;353,347,351;,
  3;352,341,351;,
  3;341,352,340;,
  3;351,343,353;,
  3;343,351,341;,
  3;354,356,355;,
  3;356,354,357;,
  3;358,360,359;,
  3;360,358,361;,
  3;361,362,360;,
  3;362,361,363;,
  3;364,366,365;,
  3;366,364,367;,
  3;365,369,368;,
  3;369,365,366;,
